1号宝贝-OUYOU0011 =+= 婴儿辅食: 21.706029640374787, 全自动: 11.806877018497772, 手持: 25.235597199244946, 小容量: 26.380054710519882, 智能: 14.871441431362596
aca/北美电器-55522 =+= 婴儿辅食: 23.062470928190812, 全自动: 14.373628000215227, 手持: 20.385072194614285, 小容量: 20.90491933268619, 智能: 21.27390954429349
aca/北美电器-AF-OR01 =+= 婴儿辅食: 21.810461141583783, 全自动: 7.084111274380571, 手持: 21.341082807193935, 小容量: 19.235189091497798, 智能: 30.529155685343905
aca/北美电器-AHM-S300 =+= 婴儿辅食: 22.810358272726187, 全自动: 12.830405445205997, 手持: 19.959407243187787, 小容量: 19.927793424149232, 智能: 24.472035614730796
amoi/夏新-TL-GB990 =+= 婴儿辅食: 22.008893037598245, 全自动: 9.806842362014551, 手持: 19.20068629303742, 小容量: 18.176612423396055, 智能: 30.806965883953726
ashton/阿诗顿-BL-175 =+= 婴儿辅食: 25.37045330063419, 全自动: 1.816425851285474, 手持: 12.198187600936038, 小容量: 13.52461652035425, 智能: 47.09031672679006
aunt mary/玛莉阿姨-HL-1888 =+= 婴儿辅食: 21.753496062607258, 全自动: 6.74218247659421, 手持: 17.593478606985748, 小容量: 16.78554643232417, 智能: 37.12529642148861
aunt mary/玛莉阿姨-HL-1898 =+= 婴儿辅食: 21.766374754254706, 全自动: 6.456778892809075, 手持: 17.53188917404102, 小容量: 16.659085046939122, 智能: 37.585872131956066
aux/奥克斯-HX-390 =+= 婴儿辅食: 21.42814394588288, 全自动: 4.98859908603015, 手持: 20.595559209526215, 小容量: 18.838363877118454, 智能: 34.1493338814423
aux/奥克斯-HX-401G =+= 婴儿辅食: 24.44707124840296, 全自动: 14.674185156093323, 手持: 19.756388950380643, 小容量: 20.679477758504017, 智能: 20.44287688661905
aux/奥克斯-HX-FS01 =+= 婴儿辅食: 22.663682995875828, 全自动: 12.583365263049393, 手持: 19.842981140479942, 小容量: 19.626980231797464, 智能: 25.282990368797364
bamix-G200 350 =+= 婴儿辅食: 22.680623009860007, 全自动: 10.653350933796645, 手持: 19.043370223129813, 小容量: 18.601123141334163, 智能: 29.021532691879383
bamix-G200 G350 =+= 婴儿辅食: 22.22418948425995, 全自动: 13.238713802152105, 手持: 19.55101075993812, 小容量: 17.85436981709137, 智能: 27.13171613655845
bamix-M200 =+= 婴儿辅食: 23.493772313158225, 全自动: 8.388462247047139, 手持: 14.770993392947483, 小容量: 16.222969603221713, 智能: 37.12380244362542
bamix-UNOLD ESGE =+= 婴儿辅食: 22.6258733418654, 全自动: 13.340226391592775, 手持: 20.289092910990888, 小容量: 20.095588572713126, 智能: 23.649218782837796
barsone/朋森-BS-05L01 =+= 婴儿辅食: 20.910776681588423, 全自动: 3.2647761014595025, 手持: 19.532623667730213, 小容量: 18.04462553280819, 智能: 38.24719801641367
bear/小熊-JBQ-A05D2 =+= 婴儿辅食: 24.489800906161467, 全自动: 16.98631154186786, 手持: 23.52373963623787, 小容量: 23.24688225563743, 智能: 11.753265660095366
bear/小熊-JBQ-D05A1 =+= 婴儿辅食: 23.290610559148426, 全自动: 7.926400682041442, 手持: 17.751295441805123, 小容量: 18.394987953379218, 智能: 32.63670536362579
bear/小熊-JBQ-D05D2 =+= 婴儿辅食: 23.511374341349594, 全自动: 21.556227511065252, 手持: 25.571625417987306, 小容量: 28.38998835381999, 智能: 0.9707843757778442
bear/小熊-JBQ-D131 =+= 婴儿辅食: 22.899822912052215, 全自动: 11.68495357322317, 手持: 19.748773207469306, 小容量: 18.95203078714474, 智能: 26.714419520110567
bear/小熊-JBQ-D1355 =+= 婴儿辅食: 23.423384217915654, 全自动: 25.437383523206396, 手持: 24.35539019888095, 小容量: 26.355653748912232, 智能: 0.42818831108477673
bear/小熊-LB-P919 =+= 婴儿辅食: 15.995663664720059, 全自动: 5.054077722570845, 手持: 16.621561612678477, 小容量: 10.844052343190217, 智能: 51.4846446568404
bear/小熊-LB-P928 =+= 婴儿辅食: 21.640506794845578, 全自动: 8.743927323587235, 手持: 18.008306066605513, 小容量: 17.073085417631834, 智能: 34.53417439732985
bear/小熊-LLJ-A05H1 =+= 婴儿辅食: 22.740588384750563, 全自动: 12.843952835729223, 手持: 20.353852883233028, 小容量: 19.27611973920513, 智能: 24.78548615708206
bear/小熊-LLJ-A12A1 =+= 婴儿辅食: 7.3045316163932466, 全自动: 28.546988091797566, 手持: 11.184916249231765, 小容量: 4.351416497614142, 智能: 48.612147544963285
bear/小熊-LLJ-A12G1 =+= 婴儿辅食: 22.422599450492026, 全自动: 9.920858411834724, 手持: 19.201351246090404, 小容量: 17.896632857069704, 智能: 30.55855803451314
bear/小熊-LLJ-A12Q3 =+= 婴儿辅食: 17.383604233794053, 全自动: 4.701491513222426, 手持: 21.701476469078738, 小容量: 18.272518039960765, 智能: 37.94090974394402
bear/小熊-LLJ-A12W8 =+= 婴儿辅食: 21.43181896653559, 全自动: 5.912197466127904, 手持: 21.078506390842254, 小容量: 18.71699806715983, 智能: 32.86047910933441
bear/小熊-LLJ-B08D1 =+= 婴儿辅食: 22.422470399296177, 全自动: 12.026751177081298, 手持: 19.812510471681964, 小容量: 19.228695543472675, 智能: 26.509572408467893
bear/小熊-LLJ-B08G2 =+= 婴儿辅食: 20.982670699929905, 全自动: 13.923408771504432, 手持: 18.89825138427578, 小容量: 18.96758448574422, 智能: 27.228084658545665
bear/小熊-LLJ-B08J5 =+= 婴儿辅食: 20.028472255171398, 全自动: 4.330547496433434, 手持: 23.907813264491953, 小容量: 18.55651952630303, 智能: 33.17664745760018
bear/小熊-LLJ-B12A1 =+= 婴儿辅食: 21.221966636303666, 全自动: 8.17328832912627, 手持: 19.636464351132858, 小容量: 16.069734471824713, 智能: 34.8985462116125
bear/小熊-LLJ-B12K1 =+= 婴儿辅食: 9.467981599310155, 全自动: 19.398813934665686, 手持: 16.135867371279833, 小容量: 12.188418175028582, 智能: 42.80891891971575
bear/小熊-QSJ-A01F2 =+= 婴儿辅食: 13.295142434688481, 全自动: 17.161599542932773, 手持: 23.374082735586377, 小容量: 34.85053855442319, 智能: 11.318636732369171
bear/小熊-QSJ-B02S1 =+= 婴儿辅食: 21.12696772728984, 全自动: 13.646956897727152, 手持: 19.94738852438229, 小容量: 18.77564530247905, 智能: 26.503041548121683
bear/小熊-QSJ-B02U2 =+= 婴儿辅食: 22.06902354925998, 全自动: 12.986147956470841, 手持: 23.62977460690242, 小容量: 25.43755477229389, 智能: 15.877499115072863
bear/小熊-QSJ-B02X5 =+= 婴儿辅食: 22.106193460199737, 全自动: 14.387767010642097, 手持: 23.398631627581832, 小容量: 25.595730519153655, 智能: 14.511677382422677
bear/小熊-QSJ-B03D1 =+= 婴儿辅食: 22.719747875874432, 全自动: 13.358317303146734, 手持: 20.557108256671125, 小容量: 20.00928249384203, 智能: 23.355544070465704
bear/小熊-QSJ-B03R2 =+= 婴儿辅食: 23.057570336044368, 全自动: 13.4592528346259, 手持: 20.561721865663152, 小容量: 19.739328058115156, 智能: 23.182126905551424
binglo-HS-302H =+= 婴儿辅食: 22.18219189217573, 全自动: 10.493035802477891, 手持: 19.40679111539112, 小容量: 18.40572653472351, 智能: 29.51225465523175
blendtec-DESIGNER 625 =+= 婴儿辅食: 22.747182753921244, 全自动: 13.882110762881863, 手持: 20.615956831221585, 小容量: 20.21148357824931, 智能: 22.543266073726006
bosch/博世-54A00 =+= 婴儿辅食: 22.223061721067776, 全自动: 9.136100247332514, 手持: 18.59555085212297, 小容量: 17.706584826079236, 智能: 32.338702353397515
bosch/博世-MFZ4050 =+= 婴儿辅食: 23.447646843170535, 全自动: 15.918933555060953, 手持: 21.53777928848432, 小容量: 21.2012181418519, 智能: 17.894422171432286
bosch/博世-MSM2410 =+= 婴儿辅食: 22.556828161849403, 全自动: 9.966107818755326, 手持: 19.021307993506653, 小容量: 18.097504287696665, 智能: 30.35825173819195
bosch/博世-MSM66020 =+= 婴儿辅食: 23.041426229841864, 全自动: 14.378828850933559, 手持: 20.89932309678443, 小容量: 20.17125971456424, 智能: 21.509162107875923
bosch/博世-MSME6110CN =+= 婴儿辅食: 22.920798151597783, 全自动: 12.488350606429991, 手持: 19.85243951141568, 小容量: 19.262567146222597, 智能: 25.475844584333945
bosch/博世-MSME7414CN =+= 婴儿辅食: 21.885570334917823, 全自动: 16.095648069744687, 手持: 19.8583331744036, 小容量: 21.321594514489615, 智能: 20.838853906444275
bosch/博世-MSMM8910CN =+= 婴儿辅食: 22.84970670341299, 全自动: 12.146098644732607, 手持: 19.559293714452892, 小容量: 19.257859871749833, 智能: 26.18704106565167
braun/博朗-4179 =+= 婴儿辅食: 23.263871951025937, 全自动: 14.681868554248455, 手持: 20.978590106395206, 小容量: 20.487791798129308, 智能: 20.58787759020109
braun/博朗-FP3010 =+= 婴儿辅食: 22.49749689908524, 全自动: 11.092456370772595, 手持: 19.279876589800804, 小容量: 19.01167540073486, 智能: 28.118494739606504
braun/博朗-JB7192 =+= 婴儿辅食: 22.36687602778806, 全自动: 10.134329901684737, 手持: 19.215685362113362, 小容量: 18.039519727867344, 智能: 30.24358898054649
braun/博朗-JM3013 =+= 婴儿辅食: 22.461851346316774, 全自动: 9.648492974616461, 手持: 18.80816462798521, 小容量: 17.82666564290979, 智能: 31.254825408171758
braun/博朗-MQ300 =+= 婴儿辅食: 23.045611672841464, 全自动: 11.499192317647747, 手持: 19.65754846428938, 小容量: 19.018160641344153, 智能: 26.77948690387726
braun/博朗-MQ3000 =+= 婴儿辅食: 22.744833568279397, 全自动: 11.449444248056132, 手持: 19.666012242096635, 小容量: 18.828397165266423, 智能: 27.311312776301413
braun/博朗-MQ3025 =+= 婴儿辅食: 22.578430689390625, 全自动: 9.202016625896125, 手持: 18.689548250939374, 小容量: 17.739128191811773, 智能: 31.790876241962092
braun/博朗-MQ325 =+= 婴儿辅食: 23.24483697934327, 全自动: 12.809324016016285, 手持: 20.106530379571435, 小容量: 19.634373285235817, 智能: 24.204935339833206
braun/博朗-MQ500 =+= 婴儿辅食: 22.15235428931377, 全自动: 8.408020140826224, 手持: 18.514283754738067, 小容量: 17.081164739434083, 智能: 33.84417707568786
braun/博朗-MQ5025 =+= 婴儿辅食: 22.493909205536564, 全自动: 8.957868411747372, 手持: 18.50708112685544, 小容量: 17.6471705670834, 智能: 32.39397068877722
braun/博朗-MQ5035 =+= 婴儿辅食: 22.579422540580282, 全自动: 10.75787997447137, 手持: 19.09068599098239, 小容量: 18.435153988124952, 智能: 29.136857505841014
braun/博朗-MQ505 =+= 婴儿辅食: 23.24371197586697, 全自动: 12.50305985145433, 手持: 20.083501761147936, 小容量: 19.57567894908247, 智能: 24.594047462448287
braun/博朗-MQ525 =+= 婴儿辅食: 22.64354352137737, 全自动: 10.138532537522575, 手持: 19.03954208949652, 小容量: 17.970528635681617, 智能: 30.20785321592192
braun/博朗-MQ530 =+= 婴儿辅食: 22.80951842686924, 全自动: 11.920988233372235, 手持: 19.658087282414563, 小容量: 19.050594074750002, 智能: 26.56081198259396
braun/博朗-MQ545 =+= 婴儿辅食: 22.77077326641377, 全自动: 10.103003515473189, 手持: 19.174935272978274, 小容量: 18.233938172804123, 智能: 29.717349772330643
braun/博朗-MQ700 =+= 婴儿辅食: 21.720919754957617, 全自动: 7.376667326816308, 手持: 17.880505142129607, 小容量: 17.120255046105928, 智能: 35.901652729990545
braun/博朗-MQ700料理机配件 =+= 婴儿辅食: 23.03394743171872, 全自动: 13.589383551676866, 手持: 20.5337017182391, 小容量: 20.007276272327513, 智能: 22.835691026037797
braun/博朗-MQ705 =+= 婴儿辅食: 23.17668750117175, 全自动: 13.355275337903448, 手持: 20.24730714017179, 小容量: 19.94805128852285, 智能: 23.272678732230155
braun/博朗-MQ745/MQ785 =+= 婴儿辅食: 22.295753121188003, 全自动: 9.790371179466206, 手持: 18.576929532049636, 小容量: 18.261547492839178, 智能: 31.07539867445698
braun/博朗-MQ785 =+= 婴儿辅食: 22.66758158806719, 全自动: 11.065232532547393, 手持: 19.14771202054479, 小容量: 18.579583249540356, 智能: 28.539890609300265
braun/博朗-MQ787 =+= 婴儿辅食: 22.754974057216135, 全自动: 11.272418476013234, 手持: 19.240166693948268, 小容量: 18.919973064643724, 智能: 27.812467708178648
braun/博朗-MQ9087X =+= 婴儿辅食: 22.307206288490608, 全自动: 9.203903942241274, 手持: 18.347049252891328, 小容量: 17.726293855382824, 智能: 32.41554666099397
clara-MST-PBJ-V30 =+= 婴儿辅食: 22.393499744509278, 全自动: 10.988333081630673, 手持: 19.753898766437395, 小容量: 18.579082064450866, 智能: 28.285186342971798
clara-XD-K20E =+= 婴儿辅食: 21.78671129777431, 全自动: 7.6183788683694, 手持: 18.097920210434154, 小容量: 17.23939462976645, 智能: 35.257594993655694
climax/客来美-HA-3093 =+= 婴儿辅食: 22.906988184878458, 全自动: 12.112342861367257, 手持: 19.623700791024266, 小容量: 19.429698961740257, 智能: 25.927269200989755
dark horse/黑马-KM-699 =+= 婴儿辅食: 23.00127728325423, 全自动: 6.929909475934309, 手持: 16.482362813041654, 小容量: 16.5767321040859, 智能: 37.0097183236839
deass/德氏-FE318F1 =+= 婴儿辅食: 21.894137382354586, 全自动: 8.12889935968756, 手持: 18.263125939059208, 小容量: 17.477287689975824, 智能: 34.23654962892282
electrolux/伊莱克斯-EMB3005 =+= 婴儿辅食: 22.30197392769935, 全自动: 10.908822709150018, 手持: 18.905645843204876, 小容量: 17.403647435085098, 智能: 30.479910084860656
fagor/法格-BV-373B =+= 婴儿辅食: 23.593287156648497, 全自动: 12.497799935818206, 手持: 25.245936148829113, 小容量: 24.369679713193833, 智能: 14.293297045510354
fagor/法格-BV-375KNA =+= 婴儿辅食: 22.00798150946065, 全自动: 9.225139764209004, 手持: 18.503160384991236, 小容量: 17.877436135447137, 智能: 32.386282205891966
fornonr/方奈优品-FN-800 =+= 婴儿辅食: 25.780829668445953, 全自动: 40.911924933519565, 手持: 9.910428584713445, 小容量: 17.00956217874305, 智能: 6.387254634577978
fronton/弗朗顿-JB-1525AG =+= 婴儿辅食: 21.940445094849295, 全自动: 8.579220582997486, 手持: 18.13911399307957, 小容量: 17.638679469340467, 智能: 33.70254085973319
fronton/弗朗顿-MNS-PB106 =+= 婴儿辅食: 22.503040797339338, 全自动: 11.192349684579456, 手持: 19.25985703167351, 小容量: 18.883469320759193, 智能: 28.1612831656485
fulaier/福莱尔-FLE-219C =+= 婴儿辅食: 21.654203767525903, 全自动: 2.9828395191033166, 手持: 13.98650828261424, 小容量: 12.067003155262013, 智能: 49.309445275494525
fulaier/福莱尔-FLE-219F =+= 婴儿辅食: 21.946947932077276, 全自动: 8.70162637939329, 手持: 18.521926997096426, 小容量: 17.7695003873461, 智能: 33.059998304086925
fulaier/福莱尔-FLE518A =+= 婴儿辅食: 7.698316833832801, 全自动: 25.82489050733729, 手持: 9.02479035112647, 小容量: 17.14837053422769, 智能: 40.30363177347576
fxunshi/华迅仕-MD-8500A =+= 婴儿辅食: 22.425318125158082, 全自动: 11.320314229074526, 手持: 19.171041177078088, 小容量: 19.168180213438728, 智能: 27.91514625525057
gemside/捷赛-JSP01 =+= 婴儿辅食: 20.977662363425267, 全自动: 4.099944618316521, 手持: 20.085051584883978, 小容量: 18.342871352859376, 智能: 36.49447008051485
german pool/德国宝-PRO-10 =+= 婴儿辅食: 21.237124441658093, 全自动: 7.971006709431114, 手持: 18.016628483240044, 小容量: 16.667048178971303, 智能: 36.10819218669944
haier/海尔-HBB-B0105 =+= 婴儿辅食: 22.669800372655217, 全自动: 10.965373233603124, 手持: 19.259893344012582, 小容量: 18.371725161006005, 智能: 28.733207888723065
hattiecs/海蒂诗-AJ-5123 =+= 婴儿辅食: 22.55795952432563, 全自动: 10.630732675279358, 手持: 19.604436192313386, 小容量: 18.374612978328514, 智能: 28.83225862975311
hattiecs/海蒂诗-RBM-728 =+= 婴儿辅食: 21.9276244966411, 全自动: 8.993441556987653, 手持: 18.638812675157624, 小容量: 17.76483527921806, 智能: 32.67528599199556
hattiecs/海蒂诗-RBM-775 =+= 婴儿辅食: 21.976338380978593, 全自动: 8.369846742199217, 手持: 18.786357821767567, 小容量: 17.49519852883572, 智能: 33.372258526218914
herpusi-HC-1500 =+= 婴儿辅食: 22.57870323395511, 全自动: 11.72970495093675, 手持: 19.966597490733527, 小容量: 19.35510270854371, 智能: 26.3698916158309
herpusi-HC-302Q =+= 婴儿辅食: 22.382653634988515, 全自动: 9.335307017574047, 手持: 18.84364721129028, 小容量: 17.81117672107961, 智能: 31.627215415067546
herpusi-HD-175A =+= 婴儿辅食: 20.774254567088292, 全自动: 8.32631149899123, 手持: 19.44649480221136, 小容量: 16.53544443271121, 智能: 34.91749469899792
hgsuper-HG7701 =+= 婴儿辅食: 17.211581746463093, 全自动: 3.8671441855951283, 手持: 18.92079237237935, 小容量: 13.536569236824223, 智能: 46.46391245873821
hgsuper-HG7702 =+= 婴儿辅食: 23.467698772309156, 全自动: 10.248842807129913, 手持: 30.352512457037747, 小容量: 26.534271307293366, 智能: 9.396674656229802
home-mill/好磨家-HMJ-1001 =+= 婴儿辅食: 22.07351763610498, 全自动: 4.064487385033154, 手持: 17.42848681009311, 小容量: 11.571657997820216, 智能: 44.86185017094854
hyundai/现代-089 =+= 婴儿辅食: 22.53764256124232, 全自动: 11.756119213939657, 手持: 19.761683051530397, 小容量: 19.46554735960097, 智能: 26.47900781368666
hyundai/现代-QC-JR089 =+= 婴儿辅食: 21.977478166923394, 全自动: 8.540118105957156, 手持: 18.436997296136113, 小容量: 17.66136112318839, 智能: 33.38404530779495
jeff/杰孚-FX-A5 =+= 婴儿辅食: 22.5371004235376, 全自动: 11.908070756145662, 手持: 19.916695479092485, 小容量: 19.354572307351503, 智能: 26.28356103387276
jese/洁氏-JS-100G =+= 婴儿辅食: 21.73458061303439, 全自动: 8.482425830123827, 手持: 18.538449611208737, 小容量: 17.548404990962926, 智能: 33.696138954670126
jese/洁氏-JS-100Y =+= 婴儿辅食: 21.764112506400064, 全自动: 8.352703823551943, 手持: 18.37920921956827, 小容量: 17.405104351812646, 智能: 34.09887009866707
joyoung/九阳-C020E =+= 婴儿辅食: 22.7244470586145, 全自动: 12.044049303499564, 手持: 19.62721554846748, 小容量: 19.426915660674112, 智能: 26.17737242874434
joyoung/九阳-C91T =+= 婴儿辅食: 22.489325708879527, 全自动: 9.281495201954543, 手持: 19.21799060138143, 小容量: 17.875823856092428, 智能: 31.135364631692056
joyoung/九阳-JYB-F1 =+= 婴儿辅食: 22.63227315239847, 全自动: 12.082914686057627, 手持: 19.7056503761714, 小容量: 19.44319693455358, 智能: 26.13596485081891
joyoung/九阳-JYL-C010 =+= 婴儿辅食: 21.910668264617613, 全自动: 8.220104405381988, 手持: 18.77607035872381, 小容量: 17.308436429776677, 智能: 33.784720541499915
joyoung/九阳-JYL-C012 =+= 婴儿辅食: 22.22047421015805, 全自动: 7.853268503737898, 手持: 18.703422911272042, 小容量: 16.951340239924587, 智能: 34.271494134907414
joyoung/九阳-JYL-C012料理机 =+= 婴儿辅食: 22.082541303601154, 全自动: 9.994165096019055, 手持: 19.34261945031717, 小容量: 18.340137046897595, 智能: 30.240537103165025
joyoung/九阳-JYL-C020E =+= 婴儿辅食: 22.115022355070742, 全自动: 8.294402193264599, 手持: 18.64874441518733, 小容量: 17.595640308872554, 智能: 33.34619072760477
joyoung/九阳-JYL-C020E料理机 =+= 婴儿辅食: 22.288817723022223, 全自动: 9.862772922030592, 手持: 19.083201469575684, 小容量: 18.482099590742713, 智能: 30.283108294628786
joyoung/九阳-JYL-C022 =+= 婴儿辅食: 22.472331103093683, 全自动: 11.121211718568492, 手持: 19.96180010191939, 小容量: 18.92294832601212, 智能: 27.521708750406315
joyoung/九阳-JYL-C022E =+= 婴儿辅食: 22.162961200398243, 全自动: 8.311448728867413, 手持: 18.86864186939962, 小容量: 17.044207341984535, 智能: 33.61274085935018
joyoung/九阳-JYL-C051 =+= 婴儿辅食: 22.912942584902787, 全自动: 10.822077093491021, 手持: 19.867214452648625, 小容量: 18.51683139105538, 智能: 27.88093447790218
joyoung/九阳-JYL-C051料理机 =+= 婴儿辅食: 22.879708439858316, 全自动: 11.119302701343416, 手持: 20.030970975170966, 小容量: 18.50828126944568, 智能: 27.46173661418162
joyoung/九阳-JYL-C16D =+= 婴儿辅食: 22.34250947941779, 全自动: 9.091467173831537, 手持: 18.744856824498516, 小容量: 17.550609389723725, 智能: 32.27055713252843
joyoung/九阳-JYL-C16V =+= 婴儿辅食: 22.14991035535264, 全自动: 9.954804015396844, 手持: 19.31997153427036, 小容量: 18.26191590446975, 智能: 30.3133981905104
joyoung/九阳-JYL-C19V =+= 婴儿辅食: 22.44128801139261, 全自动: 9.888015929147041, 手持: 19.436205224672086, 小容量: 17.999164667395984, 智能: 30.235326167392277
joyoung/九阳-JYL-C50T =+= 婴儿辅食: 22.410583822416886, 全自动: 8.994562200609005, 手持: 19.162261591536303, 小容量: 17.521291997386555, 智能: 31.911300388051256
joyoung/九阳-JYL-C50T料理机 =+= 婴儿辅食: 22.551186128134077, 全自动: 10.82141205113086, 手持: 19.730414928833937, 小容量: 18.404559819505288, 智能: 28.492427072395838
joyoung/九阳-JYL-C902D =+= 婴儿辅食: 23.262166496511977, 全自动: 14.471317490287486, 手持: 21.000279843439316, 小容量: 20.29241153348385, 智能: 20.973824636277357
joyoung/九阳-JYL-C91T料理机 =+= 婴儿辅食: 22.48476657327023, 全自动: 9.663491350150546, 手持: 19.46206467854882, 小容量: 17.882828712170515, 智能: 30.5068486858599
joyoung/九阳-JYL-D020 =+= 婴儿辅食: 21.98407886859676, 全自动: 7.111019971409162, 手持: 18.348504843411344, 小容量: 16.4637263100983, 智能: 36.092670006484425
joyoung/九阳-JYL-D022 =+= 婴儿辅食: 21.770749352136267, 全自动: 7.361052008697157, 手持: 18.067292223732064, 小容量: 16.9608196642568, 智能: 35.8400867511777
joyoung/九阳-JYL-F901 =+= 婴儿辅食: 22.690708308809818, 全自动: 10.187044462211254, 手持: 19.03396620137501, 小容量: 18.1933459171251, 智能: 29.894935110478812
joyoung/九阳-JYL-G12 =+= 婴儿辅食: 22.097567586659874, 全自动: 9.988811106188061, 手持: 19.204739386553594, 小容量: 18.45707843875716, 智能: 30.251803481841304
joyoung/九阳-JYL-G12E =+= 婴儿辅食: 22.024644168836968, 全自动: 8.805977355299731, 手持: 18.853603946534104, 小容量: 17.900021939361423, 智能: 32.41575258996775
joyoung/九阳-JYL-Y11 =+= 婴儿辅食: 22.10679782670677, 全自动: 10.670817014617233, 手持: 19.344880949712653, 小容量: 18.658293023729826, 智能: 29.219211185233522
joyoung/九阳-JYL-Y12H =+= 婴儿辅食: 21.83893133644625, 全自动: 9.238784011158783, 手持: 18.985559424659648, 小容量: 17.938916941813368, 智能: 31.99780828592196
joyoung/九阳-JYL-Y15 =+= 婴儿辅食: 21.665135761588335, 全自动: 6.2845729601298475, 手持: 17.612736278923542, 小容量: 16.552423419901746, 智能: 37.885131579456534
joyoung/九阳-JYL-Y16 =+= 婴儿辅食: 21.85381354991571, 全自动: 8.172731359337932, 手持: 18.373781637544816, 小容量: 17.372258167014976, 智能: 34.22741528618656
joyoung/九阳-JYL-Y20 =+= 婴儿辅食: 22.071049128604336, 全自动: 9.215315750946536, 手持: 18.64248162101324, 小容量: 17.890023382286785, 智能: 32.1811301171491
joyoung/九阳-JYL-Y29 =+= 婴儿辅食: 21.847075956378752, 全自动: 7.941327486807876, 手持: 17.93393306513817, 小容量: 17.34759598171504, 智能: 34.93006750996017
joyoung/九阳-JYL-Y3 =+= 婴儿辅食: 22.14845022136777, 全自动: 10.12338654848696, 手持: 19.01293605359531, 小容量: 18.337694918935632, 智能: 30.377532257614316
joyoung/九阳-JYL-Y6 =+= 婴儿辅食: 22.502395213272045, 全自动: 11.989642187396095, 手持: 19.79796804407128, 小容量: 19.31656232994492, 智能: 26.39343222531567
joyoung/九阳-JYL-Y60 =+= 婴儿辅食: 21.68003281491917, 全自动: 7.809072992215455, 手持: 18.477090090671144, 小容量: 17.061734549722754, 智能: 34.97206955247149
joyoung/九阳-JYL-Y8 PLUS =+= 婴儿辅食: 22.001335704011332, 全自动: 10.189843249536505, 手持: 19.33756054242554, 小容量: 18.332823006869713, 智能: 30.138437497156914
joyoung/九阳-JYL-Y910 =+= 婴儿辅食: 22.094433085446045, 全自动: 9.777004171145098, 手持: 18.753083416302573, 小容量: 18.217328064997755, 智能: 31.158151262108525
joyoung/九阳-JYL-Y912 =+= 婴儿辅食: 22.94778663399204, 全自动: 14.544394060089793, 手持: 20.74865045436217, 小容量: 20.662801839894886, 智能: 21.096367011661112
joyoung/九阳-JYL-Y917 =+= 婴儿辅食: 22.158706152455366, 全自动: 10.032725466771748, 手持: 18.92064100380627, 小容量: 18.289337199441853, 智能: 30.59859017752477
joyoung/九阳-JYL-Y92 =+= 婴儿辅食: 21.80517932631093, 全自动: 8.666472287591608, 手持: 18.590382584508614, 小容量: 17.583408027524296, 智能: 33.35455777406455
joyoung/九阳-JYL-Y99 =+= 婴儿辅食: 22.50089126049344, 全自动: 12.669989000495953, 手持: 20.123112255542303, 小容量: 19.80195219021476, 智能: 24.904055293253542
joyoung/九阳-JYS-A800 =+= 婴儿辅食: 23.071943233770032, 全自动: 13.166967658026678, 手持: 20.128367752509785, 小容量: 19.794198357837235, 智能: 23.83852299785627
joyoung/九阳-JYS-A950 =+= 婴儿辅食: 22.74905265884305, 全自动: 11.197631383477274, 手持: 19.610919731475583, 小容量: 18.708390988757245, 智能: 27.734005237446834
joyoung/九阳-JYZ-Y20 =+= 婴儿辅食: 21.820482496580976, 全自动: 7.920293799333644, 手持: 18.169883708017714, 小容量: 17.37454992143517, 智能: 34.7147900746325
joyoung/九阳-L3-C1 =+= 婴儿辅食: 22.95626167928766, 全自动: 12.876666548718488, 手持: 20.349644290342617, 小容量: 19.376769476598405, 智能: 24.440658005052835
joyoung/九阳-Y92 =+= 婴儿辅食: 21.77017627173911, 全自动: 8.269498757395725, 手持: 18.461796455595454, 小容量: 17.38144766427694, 智能: 34.117080850992785
kambrook-搅拌机 =+= 婴儿辅食: 21.92806453311391, 全自动: 8.414257389599946, 手持: 18.37977324378445, 小容量: 17.4969306973164, 智能: 33.780974136185286
keabo/凯博-KB-1525AWN =+= 婴儿辅食: 19.734213320159792, 全自动: 30.14679801748102, 手持: 21.61980859915192, 小容量: 23.833515465753084, 智能: 4.665664597454169
kenwood/建伍-CH580 =+= 婴儿辅食: 22.770590235948696, 全自动: 12.351926164777556, 手持: 20.12730103757201, 小容量: 19.29201954586468, 智能: 25.458163015837066
kenwood/建伍-HDP306WH =+= 婴儿辅食: 22.508370907552838, 全自动: 12.136085530775947, 手持: 19.384072458218505, 小容量: 19.485000324019893, 智能: 26.486470779432825
kenwood/建伍-HDP404WH =+= 婴儿辅食: 22.86127205754755, 全自动: 12.203064260859021, 手持: 19.7302938082639, 小容量: 19.112348434713876, 智能: 26.093021438615654
kenwood/建伍-KM336 =+= 婴儿辅食: 22.340186779530363, 全自动: 11.54022524248699, 手持: 20.529528397496325, 小容量: 19.404392934433027, 智能: 26.1856666460533
kenwood/建伍-SMP060 =+= 婴儿辅食: 22.67458777981696, 全自动: 12.025349560521422, 手持: 20.090037107625857, 小容量: 18.92231727910941, 智能: 26.287708272926356
kesun/科顺-BL-806A =+= 婴儿辅食: 22.062606576291657, 全自动: 9.529078204232276, 手持: 19.140604519832195, 小容量: 18.01449236091106, 智能: 31.253218338732815
kingpro-J-1205 =+= 婴儿辅食: 21.966567724715702, 全自动: 10.359025526717353, 手持: 19.38427698642364, 小容量: 18.49040642727004, 智能: 29.799723334873278
kitchenaid-5KHB2569C =+= 婴儿辅食: 22.10733509078305, 全自动: 10.444154649367173, 手持: 19.115139668357852, 小容量: 18.81386485310491, 智能: 29.519505738387018
kitchenaid-5QT 原装盆 =+= 婴儿辅食: 22.897434348016276, 全自动: 11.908690263378572, 手持: 19.60234261616515, 小容量: 18.96361782749625, 智能: 26.627914944943754
kitchenaid-料理机 =+= 婴儿辅食: 22.527201807726758, 全自动: 12.751083409836813, 手持: 20.32870029268341, 小容量: 19.731868925002598, 智能: 24.66114556475042
krobell/康贝尔-2166 =+= 婴儿辅食: 12.823117529130899, 全自动: 5.556849893325978, 手持: 19.507303126993925, 小容量: 14.865145607869438, 智能: 47.247583842679774
krobell/康贝尔-2168 =+= 婴儿辅食: 22.2163967228282, 全自动: 9.525185621765203, 手持: 18.968140694750886, 小容量: 18.150515308042273, 智能: 31.139761652613437
krobell/康贝尔-6288 =+= 婴儿辅食: 22.79582171331477, 全自动: 13.491877331519714, 手持: 20.501267625103818, 小容量: 20.10916635407635, 智能: 23.10186697598536
krups-HP503180 =+= 婴儿辅食: 21.89244559270065, 全自动: 9.584670551356758, 手持: 18.87846041355091, 小容量: 18.15859246601769, 智能: 31.485830976373997
krups-KB255 =+= 婴儿辅食: 22.125122972544442, 全自动: 10.022285777096211, 手持: 19.0908132465916, 小容量: 18.320290642466855, 智能: 30.44148736130089
krups-KB30380 =+= 婴儿辅食: 22.14925120316301, 全自动: 10.468874435177577, 手持: 19.27439958451782, 小容量: 17.091971943394366, 智能: 31.015502833747238
krups-KB870B80 =+= 婴儿辅食: 21.651389363769276, 全自动: 8.137905848778933, 手持: 18.476639304829018, 小容量: 17.131248882644428, 智能: 34.60281659997835
ladyship/贵夫人-LS-658 =+= 婴儿辅食: 21.755490561126905, 全自动: 9.133726030982812, 手持: 18.835025855343854, 小容量: 17.8044341607168, 智能: 32.47132339182962
liven/利仁-LL-A =+= 婴儿辅食: 22.71108645044669, 全自动: 8.30886120710106, 手持: 17.299551726571018, 小容量: 16.269915941248847, 智能: 35.41058467463238
liven/利仁-LLJ-W501 =+= 婴儿辅食: 21.95849564412664, 全自动: 8.476279231774482, 手持: 18.11165441590876, 小容量: 17.685689347481663, 智能: 33.767881360708465
long plus-60 =+= 婴儿辅食: 21.939393395441584, 全自动: 8.8498676825189, 手持: 18.589944485733817, 小容量: 17.559609194800128, 智能: 33.06118524150557
long plus-HB-1250 =+= 婴儿辅食: 22.216788249648875, 全自动: 9.195719205138065, 手持: 18.643090388559784, 小容量: 17.913226690494742, 智能: 32.03117546615853
lotek/乐泰-HB-103SC =+= 婴儿辅食: 21.514776357435423, 全自动: 8.676147449045361, 手持: 18.30454241592197, 小容量: 16.879184776398024, 智能: 34.625349001199226
luby/洛贝-LBL-GH01 =+= 婴儿辅食: 22.437881239753633, 全自动: 11.56820617105765, 手持: 19.34045468138812, 小容量: 19.1059408170557, 智能: 27.547517090744893
luby/洛贝-LBL-GH03 =+= 婴儿辅食: 22.262371044546935, 全自动: 10.6298056464115, 手持: 19.402160444762085, 小容量: 18.635908877380228, 智能: 29.069753986899247
luby/洛贝-LBL-SL01 =+= 婴儿辅食: 22.39051299208925, 全自动: 11.906929561337549, 手持: 20.00786568469604, 小容量: 19.22876637241791, 智能: 26.465925389459244
maizi kitchen/麦子厨房-BL772 =+= 婴儿辅食: 21.90445103362108, 全自动: 8.996475480400301, 手持: 18.60409650097988, 小容量: 17.85182172637565, 智能: 32.64315525862309
mcdou/麦豆-FSJD2 =+= 婴儿辅食: 21.774476648904752, 全自动: 9.402520671651091, 手持: 19.181151433987683, 小容量: 17.09536235198678, 智能: 32.546488893469686
meichen/美星晨-010 800W 220V～ 50HZ =+= 婴儿辅食: 3.07462804180721, 全自动: 15.50054691707948, 手持: 8.876421291714172, 小容量: 13.10080489021819, 智能: 59.44759885918096
meichen/美星晨-MXC-02 =+= 婴儿辅食: 21.903488407865364, 全自动: 8.614469293102541, 手持: 18.83775763504655, 小容量: 17.688203806940137, 智能: 32.95608085704541
mekka/麦嘉-MJ2050 =+= 婴儿辅食: 16.940044708979517, 全自动: 4.136291257106443, 手持: 15.278803484617814, 小容量: 6.581000399577011, 智能: 57.063860149719225
mekka/麦嘉-MJ2240 =+= 婴儿辅食: 22.307764422709905, 全自动: 19.32278598306529, 手持: 26.995324530678115, 小容量: 26.59017032725437, 智能: 4.7839547362923165
midea/美的-BL25B26 =+= 婴儿辅食: 22.123995871690607, 全自动: 9.431923146073439, 手持: 19.00883036266875, 小容量: 18.012231113138576, 智能: 31.42301950642863
midea/美的-BL25B31 =+= 婴儿辅食: 22.16929347674632, 全自动: 8.2376494566528, 手持: 18.3696342804872, 小容量: 17.20668917707867, 智能: 34.01673360903502
midea/美的-BL25B36 =+= 婴儿辅食: 23.09160593556449, 全自动: 15.118086929301088, 手持: 21.19708478788521, 小容量: 21.045835086006203, 智能: 19.54738726124301
midea/美的-MJ-BL10K21 =+= 婴儿辅食: 22.35616425417424, 全自动: 11.683741738920572, 手持: 19.846102442436145, 小容量: 19.310381134144222, 智能: 26.803610430324824
midea/美的-MJ-BL10S11 =+= 婴儿辅食: 22.164360662908418, 全自动: 11.300613581091783, 手持: 19.512737797295085, 小容量: 18.888595321539277, 智能: 28.133692637165435
midea/美的-MJ-BL1206A =+= 婴儿辅食: 22.835728961257935, 全自动: 14.009749597628922, 手持: 20.7190851149197, 小容量: 20.381501250621664, 智能: 22.05393507557178
midea/美的-MJ-BL12K31 =+= 婴儿辅食: 22.775445187541262, 全自动: 13.009280510800481, 手持: 20.334330706444035, 小容量: 19.836886167927652, 智能: 24.044057427286567
midea/美的-MJ-BL25B12 =+= 婴儿辅食: 22.52209156988512, 全自动: 10.762590205211323, 手持: 19.691366472872808, 小容量: 18.3717627106161, 智能: 28.65218904141465
midea/美的-MJ-BL25B2 =+= 婴儿辅食: 22.112797650302564, 全自动: 8.759883763280115, 手持: 18.8322158062387, 小容量: 17.727341156115877, 智能: 32.567761624062754
midea/美的-MJ-BL80Y21 =+= 婴儿辅食: 21.97139917629014, 全自动: 9.163108644379589, 手持: 18.71794098595258, 小容量: 17.854936799673656, 智能: 32.29261439370402
midea/美的-MJ-LZ15Easy209 =+= 婴儿辅食: 22.501611929070503, 全自动: 11.384087818066249, 手持: 19.938388809363044, 小容量: 18.93742083731755, 智能: 27.238490606182655
midea/美的-MJ-PB80Easy210 =+= 婴儿辅食: 22.056075176882167, 全自动: 10.93110313642244, 手持: 19.406645290665125, 小容量: 18.7629347588172, 智能: 28.843241637213065
midea/美的-MJ-Power701 =+= 婴儿辅食: 21.930922310603428, 全自动: 8.875697103697483, 手持: 18.840863831346322, 小容量: 17.8447746811127, 智能: 32.507742073240074
midea/美的-MJ-WBL1008Q =+= 婴儿辅食: 23.161282596051443, 全自动: 15.667617331983681, 手持: 21.391878330803376, 小容量: 21.35252716859027, 智能: 18.426694572571233
midea/美的-MJ-WBL2501A =+= 婴儿辅食: 23.03894264284041, 全自动: 11.662905573384535, 手持: 19.715984634882282, 小容量: 19.000404704709865, 智能: 26.581762444182885
midea/美的-MJ-WBL2501B =+= 婴儿辅食: 22.976895364088485, 全自动: 11.800784419258207, 手持: 20.254958904574217, 小容量: 19.062439423976677, 智能: 25.904921888102418
midea/美的-MJ-WBL2501C =+= 婴儿辅食: 23.435586712921378, 全自动: 15.8253287149099, 手持: 21.462321864452694, 小容量: 21.16927650591899, 智能: 18.107486201797048
midea/美的-MJ-WBL2521H =+= 婴儿辅食: 22.3000133480221, 全自动: 8.858672099017527, 手持: 18.851091205965194, 小容量: 17.362685092166092, 智能: 32.62753825482908
midea/美的-MJ-WBL2531H =+= 婴儿辅食: 22.08852577720176, 全自动: 8.834819210844422, 手持: 18.733621177863206, 小容量: 17.757535840836155, 智能: 32.58549799325445
midea/美的-MJ-WBL8005P =+= 婴儿辅食: 22.6710270481385, 全自动: 13.375700106323718, 手持: 20.135553061863956, 小容量: 20.066897528668683, 智能: 23.75082225500514
midea/美的-PB80Easy210 =+= 婴儿辅食: 22.488878158626544, 全自动: 10.523535748002443, 手持: 19.095074375907508, 小容量: 18.736189640833594, 智能: 29.15632207662991
midea/美的-WBL1022S =+= 婴儿辅食: 22.27569013875186, 全自动: 10.514846012576333, 手持: 19.365595320912195, 小容量: 18.6692212435994, 智能: 29.17464728416022
midea/美的-WBL2531H =+= 婴儿辅食: 23.247090767696875, 全自动: 14.461113977408635, 手持: 21.028351430751506, 小容量: 20.725834092061785, 智能: 20.537609732081204
midea/美的-WBL25B36 =+= 婴儿辅食: 23.317666873785015, 全自动: 15.428769271134279, 手持: 21.32656383201836, 小容量: 21.209037611095155, 智能: 18.717962411967186
midea/美的-美的破壁机 =+= 婴儿辅食: 21.807630581948313, 全自动: 7.763265651835736, 手持: 18.272278222786447, 小容量: 17.18204286934873, 智能: 34.97478267408078
milate/美莱特-MS-1 =+= 婴儿辅食: 20.952540640820548, 全自动: 11.250806315235412, 手持: 20.042168368587358, 小容量: 12.930371234742294, 智能: 34.82411344061438
minimei-HMM-203 =+= 婴儿辅食: 22.796397047998195, 全自动: 11.125436650361308, 手持: 19.455917134076945, 小容量: 18.623190467501406, 智能: 27.999058700062143
minimei-MM-201 =+= 婴儿辅食: 21.368699024541066, 全自动: 11.936429176936503, 手持: 19.023190330201093, 小容量: 17.886806546248952, 智能: 29.784874922072373
murenking/牧人王-H19 =+= 婴儿辅食: 22.417506654700286, 全自动: 10.469210230444292, 手持: 18.942290702349116, 小容量: 18.557335954952396, 智能: 29.613656457553905
nathome/北欧欧慕-NJB103SA =+= 婴儿辅食: 23.11882533218431, 全自动: 21.386746039410365, 手持: 25.88477440170325, 小容量: 29.05028191007439, 智能: 0.5593723166276907
panasonic/松下-MK-GB1 =+= 婴儿辅食: 23.21069893718523, 全自动: 13.967497525368875, 手持: 20.513989356878458, 小容量: 20.233937346942085, 智能: 22.07387683362535
panasonic/松下-MK-GH1 =+= 婴儿辅食: 22.755665996828395, 全自动: 12.177247039207943, 手持: 19.72595798112999, 小容量: 19.75003734862692, 智能: 25.591091634206744
panasonic/松下-MX-GS1 =+= 婴儿辅食: 23.136459677700604, 全自动: 14.885466832344154, 手持: 21.10494800672237, 小容量: 20.840369053922576, 智能: 20.0327564293103
panasonic/松下-MX-GX1061 =+= 婴儿辅食: 22.86335055009895, 全自动: 13.943746093672745, 手持: 20.81143054228972, 小容量: 20.35259418140188, 智能: 22.028878632536703
panasonic/松下-MX-PSC101G1 =+= 婴儿辅食: 22.314876461490808, 全自动: 11.265558158203858, 手持: 19.85655934693145, 小容量: 18.982235907212054, 智能: 27.580770126161838
panasonic/松下-MX-S401 =+= 婴儿辅食: 22.541092056690648, 全自动: 10.726267098602904, 手持: 19.21219935023142, 小容量: 18.553252141091132, 智能: 28.967189353383894
panasonic/松下-MX-SS40 =+= 婴儿辅食: 22.514734047222323, 全自动: 10.41974609197505, 手持: 18.870097498355804, 小容量: 18.616697679726787, 智能: 29.57872468272003
panasonic/松下-MX-XC501 =+= 婴儿辅食: 23.18825088911586, 全自动: 13.187303235907454, 手持: 20.17454165058651, 小容量: 19.83297167176697, 智能: 23.616932552623204
panasonic/松下-MX-XC701 =+= 婴儿辅食: 21.710528386671044, 全自动: 7.747105040246007, 手持: 18.014952864274534, 小容量: 17.152775056304996, 智能: 35.37463865250342
panasonic/松下-MX-ZX1800 =+= 婴儿辅食: 21.916078687245765, 全自动: 8.697964233010339, 手持: 18.57475439067544, 小容量: 17.67605638754953, 智能: 33.13514630151892
panasonic/松下-mx-ss1 =+= 婴儿辅食: 22.610703454642405, 全自动: 10.318105530446429, 手持: 18.98079985629609, 小容量: 18.60120290484337, 智能: 29.489188253771694
peskoe/半球-HB-J103 =+= 婴儿辅食: 15.949074684336319, 全自动: 9.53328121812866, 手持: 19.36246560249073, 小容量: 19.989161500077852, 智能: 35.16601699496644
peskoe/半球-HB-K805 =+= 婴儿辅食: 22.097824388693727, 全自动: 17.467622736767044, 手持: 23.642435736568956, 小容量: 22.23438495109297, 智能: 14.5577321868773
peskoe/半球-HB-K808 =+= 婴儿辅食: 21.91317603611416, 全自动: 9.12907811513041, 手持: 18.899469241539546, 小容量: 17.830111562518198, 智能: 32.2281650446977
philips/飞利浦-HR1604 =+= 婴儿辅食: 23.031299227429464, 全自动: 12.72656492617563, 手持: 20.361631523881666, 小容量: 19.454756765092487, 智能: 24.42574755742075
philips/飞利浦-HR1608/03 =+= 婴儿辅食: 22.74977643031774, 全自动: 10.655322544152671, 手持: 19.201120896994027, 小容量: 18.350469469866866, 智能: 29.04331065866869
philips/飞利浦-HR1609 =+= 婴儿辅食: 23.115087454499154, 全自动: 14.656676576817665, 手持: 21.010486833820504, 小容量: 20.40069064549931, 智能: 20.81705848936337
philips/飞利浦-HR1626 =+= 婴儿辅食: 22.99995302466503, 全自动: 12.225193082516155, 手持: 19.89850174452621, 小容量: 19.281972532104145, 智能: 25.59437961618846
philips/飞利浦-HR1672 =+= 婴儿辅食: 22.516625230832695, 全自动: 12.537861436836895, 手持: 20.121643422664658, 小容量: 19.790589267129477, 智能: 25.033280642536262
philips/飞利浦-HR1673 =+= 婴儿辅食: 22.871500518463893, 全自动: 13.958024959665256, 手持: 20.09595008284882, 小容量: 20.596906286894612, 智能: 22.477618152127427
philips/飞利浦-HR2056 =+= 婴儿辅食: 22.79129090201882, 全自动: 11.138858414178642, 手持: 19.944336094213, 小容量: 18.531949834044294, 智能: 27.593564755545234
philips/飞利浦-HR2056/00 =+= 婴儿辅食: 22.98019154571402, 全自动: 12.66626587422833, 手持: 20.34399164737555, 小容量: 19.291126162855, 智能: 24.718424769827102
philips/飞利浦-HR2062 =+= 婴儿辅食: 22.338973053812726, 全自动: 9.885666074134003, 手持: 19.33607404433712, 小容量: 17.857970630226898, 智能: 30.58131619748927
philips/飞利浦-HR2100 =+= 婴儿辅食: 22.20863044386455, 全自动: 8.485129723275069, 手持: 18.51287400464051, 小容量: 17.665123933387513, 智能: 33.128241894832364
philips/飞利浦-HR2100/40 =+= 婴儿辅食: 22.166207637750293, 全自动: 9.817533315164532, 手持: 19.151259564634294, 小容量: 18.202268418936736, 智能: 30.662731063514137
philips/飞利浦-HR2166 =+= 婴儿辅食: 22.939117448217964, 全自动: 14.673975945541102, 手持: 21.015386834329856, 小容量: 20.751017168219423, 智能: 20.62050260369167
philips/飞利浦-HR3653 =+= 婴儿辅食: 22.58615464658429, 全自动: 11.434711192218629, 手持: 19.898627507044623, 小容量: 18.83049298310689, 智能: 27.25001367104557
philips/飞利浦-hr2101 =+= 婴儿辅食: 23.36875494806946, 全自动: 15.39483473757045, 手持: 21.24665651124738, 小容量: 20.90576981008113, 智能: 19.083983993031577
philips/飞利浦-hr2872 =+= 婴儿辅食: 23.18263622391476, 全自动: 13.842295703822119, 手持: 20.811992370012547, 小容量: 20.189880338066025, 智能: 21.97319536418455
philips/飞利浦-hr2874 =+= 婴儿辅食: 22.68027307069957, 全自动: 11.852499945371466, 手持: 19.874779827691913, 小容量: 19.20933420925097, 智能: 26.38311294698609
ranbem/瑞本-767S =+= 婴儿辅食: 24.48255557888762, 全自动: 27.77117026562387, 手持: 22.62279852185854, 小容量: 21.659328808711347, 智能: 3.464146824918625
ranbem/瑞本-768B =+= 婴儿辅食: 24.018508883917892, 全自动: 25.424773892659115, 手持: 20.05529371984476, 小容量: 22.803440561425123, 智能: 7.697982942153099
ranbem/瑞本-775 =+= 婴儿辅食: 24.003462899518375, 全自动: 22.065075604904198, 手持: 20.989520381668438, 小容量: 22.882766806215706, 智能: 10.059174307693288
ranbem/瑞本-RBM-728 =+= 婴儿辅食: 26.363223609396393, 全自动: 2.461857052437031, 手持: 10.426102187225974, 小容量: 12.314778739337791, 智能: 48.434038411602806
ranbem/瑞本-RBM-768B =+= 婴儿辅食: 22.350288790688086, 全自动: 10.93346530142144, 手持: 22.430217289539787, 小容量: 21.867112509163604, 智能: 22.418916109187084
ranbem/瑞本-RBM-775 =+= 婴儿辅食: 22.755743227687255, 全自动: 25.506442170198863, 手持: 19.68998337963086, 小容量: 20.691639798988195, 智能: 11.356191423494836
recolte/丽克特-RCP-2 =+= 婴儿辅食: 22.59069228832929, 全自动: 10.964087755138868, 手持: 19.572618345643015, 小容量: 18.4581871715744, 智能: 28.414414439314424
robot-coupe/罗伯特.库伯-MICROMIX =+= 婴儿辅食: 22.43621152322638, 全自动: 10.577883408786045, 手持: 19.23479142829698, 小容量: 18.246784480187415, 智能: 29.50432915950317
rosenstein&sohne-NC2406 =+= 婴儿辅食: 22.184902528595256, 全自动: 11.591479623801073, 手持: 19.644796057805397, 小容量: 19.154777833595933, 智能: 27.424043956202336
royalstar/荣事达-RS-JR20E =+= 婴儿辅食: 22.70317547275914, 全自动: 12.993597288664956, 手持: 20.478475743557844, 小容量: 19.99199713283837, 智能: 23.832754362179685
royalstar/荣事达-RZ-1018C1 =+= 婴儿辅食: 21.986833130819107, 全自动: 8.177321256255397, 手持: 18.36785773754614, 小容量: 17.42480000697056, 智能: 34.0431878684088
royalstar/荣事达-RZ-283 =+= 婴儿辅食: 22.85680108621534, 全自动: 13.725805847273111, 手持: 20.902783012865722, 小容量: 20.218522555936236, 智能: 22.296087497709575
royalstar/荣事达-RZ-378H =+= 婴儿辅食: 22.752201304681957, 全自动: 12.34805899933379, 手持: 19.930117455828267, 小容量: 19.26377044018059, 智能: 25.705851799975406
royalstar/荣事达-RZ-505 =+= 婴儿辅食: 22.321814871716853, 全自动: 10.421517017164904, 手持: 19.17065768300072, 小容量: 18.717692983065213, 智能: 29.368317445052316
royalstar/荣事达-RZ-708H =+= 婴儿辅食: 22.23019749589984, 全自动: 8.952078480798821, 手持: 19.020238736624087, 小容量: 17.474151562667103, 智能: 32.323333724010155
royalstar/荣事达-RZ-8001 =+= 婴儿辅食: 22.046039312340373, 全自动: 8.085110043244237, 手持: 18.451105254733324, 小容量: 17.542474093306915, 智能: 33.87527129637516
royalstar/荣事达-RZ-8012 =+= 婴儿辅食: 22.106216109736724, 全自动: 8.711740948953846, 手持: 18.622018007894848, 小容量: 17.8096369782264, 智能: 32.75038795518818
savtm/狮威特-BR11A =+= 婴儿辅食: 21.913176036114155, 全自动: 9.12907811513041, 手持: 18.899469241539542, 小容量: 17.830111562518198, 智能: 32.22816504469769
severin-SM3710 =+= 婴儿辅食: 22.88420527114063, 全自动: 14.247004963878075, 手持: 20.72699747903975, 小容量: 20.5144568215565, 智能: 21.62733546438505
severin-SM3739 =+= 婴儿辅食: 22.960912785937136, 全自动: 12.639520058992092, 手持: 19.866280705818948, 小容量: 19.52085226370258, 智能: 25.01243418554925
shield king/盾皇-DK-777 =+= 婴儿辅食: 22.026109542809763, 全自动: 9.227595105224832, 手持: 18.574926363755782, 小容量: 17.86839081488369, 智能: 32.30297817332594
skg-1260C =+= 婴儿辅食: 21.861491196897585, 全自动: 9.64625213145323, 手持: 19.45173560693191, 小容量: 17.74781509131198, 智能: 31.29270597340529
skg-1290 =+= 婴儿辅食: 22.007957456289418, 全自动: 10.16063499869137, 手持: 19.26934388614587, 小容量: 18.462873237202185, 智能: 30.099190421671164
skg-1293 =+= 婴儿辅食: 23.010405541681838, 全自动: 12.500980955245637, 手持: 19.83382925778149, 小容量: 19.313259702860506, 智能: 25.341524542430538
smeg-SMF 01 =+= 婴儿辅食: 22.689057035845227, 全自动: 13.161741019830007, 手持: 19.81091059549739, 小容量: 20.264254088453054, 智能: 24.074037260374325
stelang/雪特朗-ST-301A =+= 婴儿辅食: 22.2468199995463, 全自动: 9.227600491118249, 手持: 18.770466064027723, 小容量: 18.019270117321113, 智能: 31.735843327986615
supor/苏泊尔-BV501-300 =+= 婴儿辅食: 22.980249391123042, 全自动: 13.460889336876493, 手持: 20.531319191560936, 小容量: 19.655752973830467, 智能: 23.371789106609068
supor/苏泊尔-JG32D-300 =+= 婴儿辅食: 22.649764099876787, 全自动: 12.509604499047008, 手持: 20.182550257506648, 小容量: 19.424792156943433, 智能: 25.233288986626125
supor/苏泊尔-JM10-150 =+= 婴儿辅食: 23.191171466038185, 全自动: 15.381816063428406, 手持: 21.401806627470194, 小容量: 21.212136262837284, 智能: 18.813069580225932
supor/苏泊尔-JP05D-1300 =+= 婴儿辅食: 19.875010156966223, 全自动: 3.151933775163236, 手持: 23.4652809488373, 小容量: 18.5525749590013, 智能: 34.955200160031936
supor/苏泊尔-JP06D-1300 =+= 婴儿辅食: 22.49943473037881, 全自动: 10.652608281552705, 手持: 19.419167658803136, 小容量: 18.361932283989063, 智能: 29.066857045276294
supor/苏泊尔-JP08P =+= 婴儿辅食: 21.0147220570413, 全自动: 4.594054355443482, 手持: 20.232087240575492, 小容量: 18.698718728135187, 智能: 35.46041761880454
supor/苏泊尔-JP08P-1300 =+= 婴儿辅食: 21.761609932540864, 全自动: 9.154774591387637, 手持: 19.142225008488758, 小容量: 17.99354041177035, 智能: 31.94785005581238
supor/苏泊尔-JP10DA-1300 =+= 婴儿辅食: 22.023249158822708, 全自动: 9.36792564448197, 手持: 18.919163256030746, 小容量: 17.959962066474464, 智能: 31.729699874190107
supor/苏泊尔-JP12D-800 =+= 婴儿辅食: 22.090972985494215, 全自动: 10.043795941831343, 手持: 19.161959161078755, 小容量: 18.31764245917294, 智能: 30.385629452422748
supor/苏泊尔-JP13D-800 =+= 婴儿辅食: 20.24044247558596, 全自动: 4.882532061764214, 手持: 22.230001727740227, 小容量: 21.649744260408646, 智能: 30.997279474500953
supor/苏泊尔-JP23D-1100 =+= 婴儿辅食: 22.250329667173457, 全自动: 13.53266206807796, 手持: 18.09130563641046, 小容量: 16.77412101443261, 智能: 29.351581613905516
supor/苏泊尔-JP37V-1300 =+= 婴儿辅食: 21.84415819093007, 全自动: 9.635782065215775, 手持: 19.050193081498964, 小容量: 18.11794777407443, 智能: 31.351918888280764
supor/苏泊尔-JS36D-300 =+= 婴儿辅食: 21.84770340212336, 全自动: 8.507789527493044, 手持: 18.674227012675004, 小容量: 17.459649861400713, 智能: 33.51063019630788
