1号宝贝-OUYOU0011 =+= 婴儿辅食: 21.06279491255275, 全自动: 16.83440391707615, 小容量: 21.609774749986617, 手持: 35.38540071051578, 智能: 5.107625709868713
aca/北美电器-55522 =+= 婴儿辅食: 20.867090538847947, 全自动: 20.61918273214693, 小容量: 20.798367302059255, 手持: 19.345975535474413, 智能: 18.36938389147146
aca/北美电器-AF-B200 =+= 婴儿辅食: 20.867090538847947, 全自动: 20.61918273214693, 小容量: 20.798367302059255, 手持: 19.345975535474413, 智能: 18.36938389147146
aca/北美电器-AF-OR01 =+= 婴儿辅食: 20.835249362029977, 全自动: 20.25289858636807, 小容量: 20.85361644579021, 手持: 21.279360545825025, 智能: 16.778875059986717
aca/北美电器-AHM-S300 =+= 婴儿辅食: 20.867090538847947, 全自动: 20.61918273214693, 小容量: 20.798367302059255, 手持: 19.345975535474413, 智能: 18.36938389147146
ailhfm-小怪兽料理机 =+= 婴儿辅食: 20.867090538847947, 全自动: 20.61918273214693, 小容量: 20.798367302059255, 手持: 19.345975535474413, 智能: 18.36938389147146
amoi/夏新-TL-GB660 =+= 婴儿辅食: 22.186219399522507, 全自动: 28.74245077146541, 小容量: 21.112931560681655, 手持: -24.405916174321774, 智能: 52.3643144426522
amoi/夏新-TL-GB990 =+= 婴儿辅食: 20.867090538847947, 全自动: 20.61918273214693, 小容量: 20.798367302059255, 手持: 19.345975535474413, 智能: 18.36938389147146
amoi/夏新-TL-X11 =+= 婴儿辅食: 20.867090538847947, 全自动: 20.61918273214693, 小容量: 20.798367302059255, 手持: 19.345975535474413, 智能: 18.36938389147146
ashton/阿诗顿-BL-175 =+= 婴儿辅食: 21.034545617803754, 全自动: 21.023427972785136, 小容量: 21.030307155714183, 手持: 16.7111017043231, 智能: 20.200617549373828
ashton/阿诗顿-EF-410D =+= 婴儿辅食: 20.925541482768267, 全自动: 20.859153263284256, 小容量: 20.890528138907236, 手持: 17.948501525371146, 智能: 19.37627558966909
aunt mary/玛莉阿姨-HL-1888 =+= 婴儿辅食: 20.867090538847947, 全自动: 20.61918273214693, 小容量: 20.798367302059255, 手持: 19.345975535474413, 智能: 18.36938389147146
aunt mary/玛莉阿姨-HL-1898 =+= 婴儿辅食: 20.867090538847947, 全自动: 20.61918273214693, 小容量: 20.798367302059255, 手持: 19.345975535474413, 智能: 18.36938389147146
aux/奥克斯-HX-390 =+= 婴儿辅食: 20.900139810238258, 全自动: 20.181617218268986, 小容量: 20.93920464167257, 手持: 21.23337915221777, 智能: 16.745659177602416
aux/奥克斯-HX-401G =+= 婴儿辅食: 20.937580304719862, 全自动: 20.789348680800792, 小容量: 20.896001760700056, 手持: 18.236832470850437, 智能: 19.14023678292886
aux/奥克斯-HX-FS01 =+= 婴儿辅食: 20.867090538847947, 全自动: 20.61918273214693, 小容量: 20.798367302059255, 手持: 19.345975535474413, 智能: 18.36938389147146
bamix-G200 350 =+= 婴儿辅食: 20.867090538847947, 全自动: 20.61918273214693, 小容量: 20.798367302059255, 手持: 19.345975535474413, 智能: 18.36938389147146
bamix-G200 G350 =+= 婴儿辅食: 20.782432406363167, 全自动: 20.811361858314548, 小容量: 20.66955407761771, 手持: 19.253281768135462, 智能: 18.48336988956912
bamix-M200 =+= 婴儿辅食: 21.08931604441408, 全自动: 21.050515280359978, 小容量: 21.06249523113541, 手持: 17.69092181472869, 智能: 19.10675162936183
bamix-OTHER =+= 婴儿辅食: 20.81242499035765, 全自动: 20.67640204738231, 小容量: 20.721445600418473, 手持: 19.29209438169096, 智能: 18.497632980150595
bamix-UNOLD ESGE =+= 婴儿辅食: 20.867090538847947, 全自动: 20.61918273214693, 小容量: 20.798367302059255, 手持: 19.345975535474413, 智能: 18.36938389147146
barsone/朋森-BS-05L01 =+= 婴儿辅食: 20.900139810238258, 全自动: 20.181617218268986, 小容量: 20.93920464167257, 手持: 21.23337915221777, 智能: 16.745659177602416
bear/小熊-JBQ-A05D2 =+= 婴儿辅食: 20.580430254154166, 全自动: 19.871712464403977, 小容量: 20.488828357676354, 手持: 20.88495693846346, 智能: 18.174071985302046
bear/小熊-JBQ-D05A1 =+= 婴儿辅食: 21.054172720361034, 全自动: 20.740845056964158, 小容量: 21.083660162909677, 手持: 18.249631618186896, 智能: 18.871690441578238
bear/小熊-JBQ-D05D2 =+= 婴儿辅食: 19.892007113372394, 全自动: 18.753542176739362, 小容量: 20.147024897214205, 手持: 27.02907109179509, 智能: 14.178354720878941
bear/小熊-JBQ-D131 =+= 婴儿辅食: 20.867090538847947, 全自动: 20.61918273214693, 小容量: 20.798367302059255, 手持: 19.345975535474413, 智能: 18.36938389147146
bear/小熊-JBQ-D1355 =+= 婴儿辅食: 22.05866946991917, 全自动: 19.121497968517787, 小容量: 21.951000629876482, 手持: 22.213589210453193, 智能: 14.65524272123337
bear/小熊-LB-P919 =+= 婴儿辅食: 21.02109000301694, 全自动: 20.36541794718854, 小容量: 21.156738663184065, 手持: 21.936191152947465, 智能: 15.520562233662986
bear/小熊-LB-P928 =+= 婴儿辅食: 20.889229340497646, 全自动: 20.79061870610906, 小容量: 20.812695565693275, 手持: 18.993572350039994, 智能: 18.513884037660016
bear/小熊-LLJ-A05H1 =+= 婴儿辅食: 20.846223414467538, 全自动: 20.588137257580517, 小容量: 20.77569678954159, 手持: 19.57864561510551, 智能: 18.21129692330485
bear/小熊-LLJ-A12A1 =+= 婴儿辅食: 20.61960233741692, 全自动: 19.868708203805163, 小容量: 20.56566625289814, 手持: 19.462207033650284, 智能: 19.48381617222948
bear/小熊-LLJ-A12G1 =+= 婴儿辅食: 20.8662200455974, 全自动: 20.595622328526865, 小容量: 20.763010708533088, 手持: 19.37238822525111, 智能: 18.402758692091524
bear/小熊-LLJ-A12Q3 =+= 婴儿辅食: 20.94755216100123, 全自动: 19.139226112089865, 小容量: 20.976161253211355, 手持: 24.68235569524774, 智能: 14.254704778449819
bear/小熊-LLJ-A12W8 =+= 婴儿辅食: 20.858312381016486, 全自动: 20.11468761136656, 小容量: 20.802891264429885, 手持: 21.29350909707842, 智能: 16.930599646108647
bear/小熊-LLJ-B08D1 =+= 婴儿辅食: 20.867090538847947, 全自动: 20.61918273214693, 小容量: 20.798367302059255, 手持: 19.345975535474413, 智能: 18.36938389147146
bear/小熊-LLJ-B08G2 =+= 婴儿辅食: 20.629738899179923, 全自动: 20.6301519888614, 小容量: 20.383686269288027, 手持: 19.201453037186877, 智能: 19.154969805483777
bear/小熊-LLJ-B08J5 =+= 婴儿辅食: 20.76276421749268, 全自动: 20.152677558708476, 小容量: 20.838356089164858, 手持: 22.950482672379945, 智能: 15.295719462254041
bear/小熊-LLJ-B12A1 =+= 婴儿辅食: 20.77074675567718, 全自动: 20.517859557109436, 小容量: 20.58875750518239, 手持: 20.026231598959313, 智能: 18.096404583071685
bear/小熊-LLJ-B12K1 =+= 婴儿辅食: 20.920251534154644, 全自动: 17.75987993054148, 小容量: 21.534775796839686, 手持: 31.38241756225436, 智能: 8.402675176209836
bear/小熊-QSJ-A01F2 =+= 婴儿辅食: 20.719203606466326, 全自动: 22.869453157502804, 小容量: 19.87566880959674, 手持: 10.606737753750393, 智能: 25.928936672683744
bear/小熊-QSJ-A03A1 =+= 婴儿辅食: 20.86248036637756, 全自动: 20.632432037100596, 小容量: 20.819480674680644, 手持: 19.282800664619003, 智能: 18.402806257222206
bear/小熊-QSJ-B02S1 =+= 婴儿辅食: 20.60615778067676, 全自动: 20.60883072315821, 小容量: 20.406453144880295, 手持: 19.73274260564394, 智能: 18.645815745640796
bear/小熊-QSJ-B02U2 =+= 婴儿辅食: 20.98430952518755, 全自动: 19.43632733852573, 小容量: 21.22129541254783, 手持: 24.740214538603727, 智能: 13.617853185135157
bear/小熊-QSJ-B02X5 =+= 婴儿辅食: 20.71997753173353, 全自动: 19.51793710148539, 小容量: 20.8494134645445, 手持: 23.965177417305384, 智能: 14.947494484931196
bear/小熊-QSJ-B03D1 =+= 婴儿辅食: 20.867090538847947, 全自动: 20.61918273214693, 小容量: 20.798367302059255, 手持: 19.345975535474413, 智能: 18.36938389147146
bear/小熊-QSJ-B03R2 =+= 婴儿辅食: 20.867090538847947, 全自动: 20.61918273214693, 小容量: 20.798367302059255, 手持: 19.345975535474413, 智能: 18.36938389147146
binglo-HS-302H =+= 婴儿辅食: 20.867090538847947, 全自动: 20.61918273214693, 小容量: 20.798367302059255, 手持: 19.345975535474413, 智能: 18.36938389147146
blendtec-DESIGNER 625 =+= 婴儿辅食: 20.867090538847947, 全自动: 20.61918273214693, 小容量: 20.798367302059255, 手持: 19.345975535474413, 智能: 18.36938389147146
bosch/博世-54A00 =+= 婴儿辅食: 20.867090538847947, 全自动: 20.61918273214693, 小容量: 20.798367302059255, 手持: 19.345975535474413, 智能: 18.36938389147146
bosch/博世-MFZ4050 =+= 婴儿辅食: 20.867090538847947, 全自动: 20.61918273214693, 小容量: 20.798367302059255, 手持: 19.345975535474413, 智能: 18.36938389147146
bosch/博世-MMBS67GMCN =+= 婴儿辅食: 20.867090538847947, 全自动: 20.61918273214693, 小容量: 20.798367302059255, 手持: 19.345975535474413, 智能: 18.36938389147146
bosch/博世-MSM2410 =+= 婴儿辅食: 20.867090538847947, 全自动: 20.61918273214693, 小容量: 20.798367302059255, 手持: 19.345975535474413, 智能: 18.36938389147146
bosch/博世-MSM66020 =+= 婴儿辅食: 20.867090538847947, 全自动: 20.61918273214693, 小容量: 20.798367302059255, 手持: 19.345975535474413, 智能: 18.36938389147146
bosch/博世-MSME6110CN =+= 婴儿辅食: 20.867090538847947, 全自动: 20.61918273214693, 小容量: 20.798367302059255, 手持: 19.345975535474413, 智能: 18.36938389147146
bosch/博世-MSME7414CN =+= 婴儿辅食: 20.688625471008127, 全自动: 20.581494315763443, 小容量: 20.499159812586804, 手持: 19.211764129295133, 智能: 19.018956271346493
bosch/博世-MSMM8910CN =+= 婴儿辅食: 20.867090538847947, 全自动: 20.61918273214693, 小容量: 20.798367302059255, 手持: 19.345975535474413, 智能: 18.36938389147146
bosch/博世-MUMXL10T =+= 婴儿辅食: 20.84252814481092, 全自动: 20.596876832027803, 小容量: 20.78630904859447, 手持: 19.331192079309123, 智能: 18.443093895257704
braun/博朗-MQ545 =+= 婴儿辅食: 20.867090538847947, 全自动: 20.61918273214693, 小容量: 20.798367302059255, 手持: 19.345975535474413, 智能: 18.36938389147146
braun/博朗- 4179 =+= 婴儿辅食: 20.867090538847947, 全自动: 20.61918273214693, 小容量: 20.798367302059255, 手持: 19.345975535474413, 智能: 18.36938389147146
braun/博朗- 735 =+= 婴儿辅食: 20.94804742549502, 全自动: 20.72865727773399, 小容量: 20.900760786177237, 手持: 18.487521021747, 智能: 18.935013488846753
braun/博朗- FP3010 =+= 婴儿辅食: 20.873035561137627, 全自动: 20.74140123722399, 小容量: 20.930357755949753, 手持: 19.19705780211481, 智能: 18.258147643573814
braun/博朗- JB7192 =+= 婴儿辅食: 20.867090538847947, 全自动: 20.61918273214693, 小容量: 20.798367302059255, 手持: 19.345975535474413, 智能: 18.36938389147146
braun/博朗- JM3013 =+= 婴儿辅食: 20.867090538847947, 全自动: 20.61918273214693, 小容量: 20.798367302059255, 手持: 19.345975535474413, 智能: 18.36938389147146
braun/博朗- MQ300 =+= 婴儿辅食: 21.088137376209204, 全自动: 18.564048747977896, 小容量: 20.401718365652133, 手持: 23.60224842520955, 智能: 16.343847084951225
braun/博朗- MQ3000 =+= 婴儿辅食: 21.22001759563143, 全自动: 20.4374097455808, 小容量: 21.3995366014317, 手持: 20.98748586274847, 智能: 15.95555019460761
braun/博朗- MQ3025 =+= 婴儿辅食: 20.78422634021386, 全自动: 19.48020182623451, 小容量: 20.661228388746956, 手持: 23.374023562610734, 智能: 15.70031988219394
braun/博朗- MQ325 =+= 婴儿辅食: 21.21786789957701, 全自动: 20.970845523788682, 小容量: 21.545027035083724, 手持: 20.183648972390337, 智能: 16.08261056916026
braun/博朗- MQ500 =+= 婴儿辅食: 20.877747161089637, 全自动: 20.62438462455542, 小容量: 20.808817924270482, 手持: 19.32954299862174, 智能: 18.359507291462716
braun/博朗- MQ5025 =+= 婴儿辅食: 21.082167151183604, 全自动: 18.374748617135616, 小容量: 20.79832080519185, 手持: 26.86197808665741, 智能: 12.882785339831527
braun/博朗- MQ5035 =+= 婴儿辅食: 20.867090538847947, 全自动: 20.61918273214693, 小容量: 20.798367302059255, 手持: 19.345975535474413, 智能: 18.36938389147146
braun/博朗- MQ505 =+= 婴儿辅食: 20.968834869125555, 全自动: 18.44226516777713, 小容量: 20.317373946855056, 手持: 27.821855015830756, 智能: 12.449671000411508
braun/博朗- MQ525 =+= 婴儿辅食: 21.295935581973456, 全自动: 20.374407631769625, 小容量: 21.833615700692985, 手持: 22.556346850523397, 智能: 13.939694235040541
braun/博朗- MQ530 =+= 婴儿辅食: 20.867090538847947, 全自动: 20.61918273214693, 小容量: 20.798367302059255, 手持: 19.345975535474413, 智能: 18.36938389147146
braun/博朗- MQ545 =+= 婴儿辅食: 20.580100144530316, 全自动: 22.938040772630785, 小容量: 20.725530338019748, 手持: 9.812555730352049, 智能: 25.943773014467094
braun/博朗- MQ700 =+= 婴儿辅食: 20.904919839678087, 全自动: 20.18954924013416, 小容量: 20.94187438816265, 手持: 21.213266321999583, 智能: 16.750390210025525
braun/博朗- MQ700料理机配件 =+= 婴儿辅食: 20.867090538847947, 全自动: 20.61918273214693, 小容量: 20.798367302059255, 手持: 19.345975535474413, 智能: 18.36938389147146
braun/博朗- MQ705 =+= 婴儿辅食: 20.85160664665173, 全自动: 20.617678106842295, 小容量: 20.7883280552188, 手持: 19.330332244843493, 智能: 18.412054946443675
braun/博朗- MQ735 =+= 婴儿辅食: 20.867090538847947, 全自动: 20.61918273214693, 小容量: 20.798367302059255, 手持: 19.345975535474413, 智能: 18.36938389147146
braun/博朗- MQ745 =+= 婴儿辅食: 20.738618887331956, 全自动: 20.7926058771775, 小容量: 20.575570031567675, 手持: 18.17258732432466, 智能: 19.7206178795982
braun/博朗- MQ745/MQ785 =+= 婴儿辅食: 20.53402181749342, 全自动: 19.960905187201128, 小容量: 20.16908926732172, 手持: 27.364519683126307, 智能: 11.971464044857433
braun/博朗- MQ785 =+= 婴儿辅食: 20.867090538847947, 全自动: 20.61918273214693, 小容量: 20.798367302059255, 手持: 19.345975535474413, 智能: 18.36938389147146
braun/博朗- MQ787 =+= 婴儿辅食: 20.735520503347356, 全自动: 20.845480045062818, 小容量: 20.70382649224427, 手持: 18.710483737678878, 智能: 19.004689221666673
braun/博朗- MQ9087X =+= 婴儿辅食: 20.965011972671853, 全自动: 20.572088874954847, 小容量: 20.956478478443593, 手持: 19.392318877646293, 智能: 18.114101796283403
braun/博朗- mq9087 =+= 婴儿辅食: 20.863678948671545, 全自动: 20.64190133984843, 小容量: 20.812199094472003, 手持: 19.280612858696806, 智能: 18.40160775831122
braun/博朗- 其它博朗榨汁机型号 =+= 婴儿辅食: 20.875605938529613, 全自动: 20.626580936700282, 小容量: 20.815688320271956, 手持: 19.361974255964867, 智能: 18.320150548533277
clara-MST-PBJ-V30 =+= 婴儿辅食: 20.867090538847947, 全自动: 20.61918273214693, 小容量: 20.798367302059255, 手持: 19.345975535474413, 智能: 18.36938389147146
clara-XD-K20E =+= 婴儿辅食: 20.867465065719202, 全自动: 20.618563639614564, 小容量: 20.79819351784462, 手持: 19.34492294461773, 智能: 18.370854832203882
climax/客来美-HA-3093 =+= 婴儿辅食: 20.867090538847947, 全自动: 20.61918273214693, 小容量: 20.798367302059255, 手持: 19.345975535474413, 智能: 18.36938389147146
dark horse/黑马-HM-630 =+= 婴儿辅食: 20.867090538847947, 全自动: 20.61918273214693, 小容量: 20.798367302059255, 手持: 19.345975535474413, 智能: 18.36938389147146
dark horse/黑马-KM-699 =+= 婴儿辅食: 20.937580304719862, 全自动: 20.789348680800792, 小容量: 20.896001760700056, 手持: 18.236832470850437, 智能: 19.14023678292886
deass/德氏-FE318F1 =+= 婴儿辅食: 20.867090538847947, 全自动: 20.61918273214693, 小容量: 20.798367302059255, 手持: 19.345975535474413, 智能: 18.36938389147146
electrolux/伊莱克斯-EMB3005 =+= 婴儿辅食: 20.992227171458197, 全自动: 20.831416265420565, 小容量: 20.934365723101614, 手持: 18.950956962724895, 智能: 18.291033877294726
fagor/法格-BV-373B =+= 婴儿辅食: 21.070311890240944, 全自动: 19.07229212782668, 小容量: 21.52888097541518, 手持: 26.327265788756776, 智能: 12.001249217760428
fagor/法格-BV-375KNA =+= 婴儿辅食: 20.867090538847947, 全自动: 20.61918273214693, 小容量: 20.798367302059255, 手持: 19.345975535474413, 智能: 18.36938389147146
fornonr/方奈优品-FN-800 =+= 婴儿辅食: 20.49791464645782, 全自动: 23.713744510283924, 小容量: 19.634272093850534, 手持: 3.764602707935076, 智能: 32.38946604147265
fronton/弗朗顿-CB-666D =+= 婴儿辅食: 20.933615684774963, 全自动: 25.729503095643103, 小容量: 20.53794292250543, 手持: 0.6913314740085188, 智能: 32.10760682306798
fronton/弗朗顿-JB-1525AG =+= 婴儿辅食: 20.867090538847947, 全自动: 20.61918273214693, 小容量: 20.798367302059255, 手持: 19.345975535474413, 智能: 18.36938389147146
fronton/弗朗顿-MNS-PB106 =+= 婴儿辅食: 20.867090538847947, 全自动: 20.61918273214693, 小容量: 20.798367302059255, 手持: 19.345975535474413, 智能: 18.36938389147146
fulaier/福莱尔-FLE-219C =+= 婴儿辅食: 20.898505837557167, 全自动: 21.133620297110003, 小容量: 20.907803578477225, 手持: 18.087607290835784, 智能: 18.97246299601982
fulaier/福莱尔-FLE-219F =+= 婴儿辅食: 20.867090538847947, 全自动: 20.61918273214693, 小容量: 20.798367302059255, 手持: 19.345975535474413, 智能: 18.36938389147146
fulaier/福莱尔-FLE518A =+= 婴儿辅食: 21.013985584646765, 全自动: 21.29783599177056, 小容量: 21.040269998658037, 手持: 20.48838864234337, 智能: 16.15951978258126
fxunshi/华迅仕-MD-8500A =+= 婴儿辅食: 20.867090538847947, 全自动: 20.61918273214693, 小容量: 20.798367302059255, 手持: 19.345975535474413, 智能: 18.36938389147146
gemside/捷赛-JSP01 =+= 婴儿辅食: 20.900139810238258, 全自动: 20.181617218268986, 小容量: 20.93920464167257, 手持: 21.23337915221777, 智能: 16.745659177602416
german pool/德国宝-PRO-10 =+= 婴儿辅食: 20.852277363994663, 全自动: 20.667926365382606, 小容量: 20.787423635805073, 手持: 19.170708041582614, 智能: 18.521664593235037
german pool/德国宝-PRO-11CM =+= 婴儿辅食: 20.867090538847947, 全自动: 20.61918273214693, 小容量: 20.798367302059255, 手持: 19.345975535474413, 智能: 18.36938389147146
german pool/德国宝-PRO-813 =+= 婴儿辅食: 20.749382585829014, 全自动: 20.559418364708673, 小容量: 20.559899370147697, 手持: 19.769759602175853, 智能: 18.361540077138756
h2艾奇尔-TYB-999 =+= 婴儿辅食: 20.867090538847947, 全自动: 20.61918273214693, 小容量: 20.798367302059255, 手持: 19.345975535474413, 智能: 18.36938389147146
haier/海尔-HBB-B0105 =+= 婴儿辅食: 20.867090538847947, 全自动: 20.61918273214693, 小容量: 20.798367302059255, 手持: 19.345975535474413, 智能: 18.36938389147146
hamilton beach/汉美驰-51126-CN =+= 婴儿辅食: 20.835152195012174, 全自动: 20.497310576557165, 小容量: 20.66001438806988, 手持: 19.48630028990389, 智能: 18.521222550456894
hamilton beach/汉美驰-59765-CN =+= 婴儿辅食: 20.867090538847947, 全自动: 20.61918273214693, 小容量: 20.798367302059255, 手持: 19.345975535474413, 智能: 18.36938389147146
hamilton beach/汉美驰-72860-CN =+= 婴儿辅食: 20.867090538847947, 全自动: 20.61918273214693, 小容量: 20.798367302059255, 手持: 19.345975535474413, 智能: 18.36938389147146
hamilton beach/汉美驰- 51126-CN =+= 婴儿辅食: 20.867090538847947, 全自动: 20.61918273214693, 小容量: 20.798367302059255, 手持: 19.345975535474413, 智能: 18.36938389147146
hattiecs/海蒂诗-AJ-5123 =+= 婴儿辅食: 20.867090538847947, 全自动: 20.61918273214693, 小容量: 20.798367302059255, 手持: 19.345975535474413, 智能: 18.36938389147146
hattiecs/海蒂诗-RBM-728 =+= 婴儿辅食: 20.867090538847947, 全自动: 20.61918273214693, 小容量: 20.798367302059255, 手持: 19.345975535474413, 智能: 18.36938389147146
hattiecs/海蒂诗-RBM-775 =+= 婴儿辅食: 20.867090538847947, 全自动: 20.61918273214693, 小容量: 20.798367302059255, 手持: 19.345975535474413, 智能: 18.36938389147146
herpusi-HC-1500 =+= 婴儿辅食: 20.867090538847947, 全自动: 20.61918273214693, 小容量: 20.798367302059255, 手持: 19.345975535474413, 智能: 18.36938389147146
herpusi-HC-250C =+= 婴儿辅食: 20.867090538847947, 全自动: 20.61918273214693, 小容量: 20.798367302059255, 手持: 19.345975535474413, 智能: 18.36938389147146
herpusi-HC-302Q =+= 婴儿辅食: 20.867090538847947, 全自动: 20.61918273214693, 小容量: 20.798367302059255, 手持: 19.345975535474413, 智能: 18.36938389147146
herpusi-HD-175A =+= 婴儿辅食: 20.788104581053418, 全自动: 20.70708774288201, 小容量: 20.727934826568315, 手持: 19.690432438584427, 智能: 18.086440410911827
hgsuper-HG7701 =+= 婴儿辅食: 20.76276421749268, 全自动: 20.152677558708476, 小容量: 20.838356089164858, 手持: 22.950482672379945, 智能: 15.295719462254041
hgsuper-HG7702 =+= 婴儿辅食: 22.615632792517072, 全自动: 16.654613777137214, 小容量: 24.524815877459083, 手持: 40.21297346360556, 智能: -4.008035910718937
home-mill/好磨家-HMJ-1001 =+= 婴儿辅食: 20.846480681654285, 全自动: 20.858662530061704, 小容量: 20.78313125354659, 手持: 18.827724910281844, 智能: 18.684000624455578
honguo/红果-HG-PB-182D =+= 婴儿辅食: 20.867090538847947, 全自动: 20.61918273214693, 小容量: 20.798367302059255, 手持: 19.345975535474413, 智能: 18.36938389147146
honguo/红果-HG-PJ115 =+= 婴儿辅食: 21.285192015437783, 全自动: 20.87721903900708, 小容量: 21.15056613459057, 手持: 15.220397415027836, 智能: 21.46662539593672
hurom/惠人-GG-LBF06 =+= 婴儿辅食: 20.867090538847947, 全自动: 20.61918273214693, 小容量: 20.798367302059255, 手持: 19.345975535474413, 智能: 18.36938389147146
hurom/惠人-GH-SBF06 =+= 婴儿辅食: 20.867090538847947, 全自动: 20.61918273214693, 小容量: 20.798367302059255, 手持: 19.345975535474413, 智能: 18.36938389147146
hyundai/现代-089 =+= 婴儿辅食: 20.867090538847947, 全自动: 20.61918273214693, 小容量: 20.798367302059255, 手持: 19.345975535474413, 智能: 18.36938389147146
hyundai/现代-QC-JR089 =+= 婴儿辅食: 20.867090538847947, 全自动: 20.61918273214693, 小容量: 20.798367302059255, 手持: 19.345975535474413, 智能: 18.36938389147146
jeff/杰孚-FX-A5 =+= 婴儿辅食: 20.867090538847947, 全自动: 20.61918273214693, 小容量: 20.798367302059255, 手持: 19.345975535474413, 智能: 18.36938389147146
jese/洁氏-JS-100G =+= 婴儿辅食: 20.867090538847947, 全自动: 20.61918273214693, 小容量: 20.798367302059255, 手持: 19.345975535474413, 智能: 18.36938389147146
jese/洁氏-JS-100Y =+= 婴儿辅食: 20.867090538847947, 全自动: 20.61918273214693, 小容量: 20.798367302059255, 手持: 19.345975535474413, 智能: 18.36938389147146
joyoung/九阳- C020E =+= 婴儿辅食: 20.867090538847947, 全自动: 20.61918273214693, 小容量: 20.798367302059255, 手持: 19.345975535474413, 智能: 18.36938389147146
joyoung/九阳- C91T =+= 婴儿辅食: 20.937580304719862, 全自动: 20.789348680800792, 小容量: 20.896001760700056, 手持: 18.236832470850437, 智能: 19.14023678292886
joyoung/九阳- JYB-F1 =+= 婴儿辅食: 20.867090538847947, 全自动: 20.61918273214693, 小容量: 20.798367302059255, 手持: 19.345975535474413, 智能: 18.36938389147146
joyoung/九阳- JYL-C010 =+= 婴儿辅食: 21.279950878339214, 全自动: 20.476623138229524, 小容量: 20.956547287459653, 手持: 25.715463029677757, 智能: 11.571415666293863
joyoung/九阳- JYL-C012 =+= 婴儿辅食: 20.990655248897536, 全自动: 20.953106722003373, 小容量: 21.013639519166738, 手持: 18.2995915391941, 智能: 18.743006970738264
joyoung/九阳- JYL-C012料理机 =+= 婴儿辅食: 20.867090538847947, 全自动: 20.61918273214693, 小容量: 20.798367302059255, 手持: 19.345975535474413, 智能: 18.36938389147146
joyoung/九阳- JYL-C020E =+= 婴儿辅食: 20.846847709801207, 全自动: 21.170824355227595, 小容量: 20.61540110412119, 手持: 16.251561505679646, 智能: 21.115365325170362
joyoung/九阳- JYL-C020E料理机 =+= 婴儿辅食: 20.867090538847947, 全自动: 20.61918273214693, 小容量: 20.798367302059255, 手持: 19.345975535474413, 智能: 18.36938389147146
joyoung/九阳- JYL-C022 =+= 婴儿辅食: 20.820168345978594, 全自动: 22.308751336573604, 小容量: 20.40304930759368, 手持: 12.105169152081318, 智能: 24.3628618577728
joyoung/九阳- JYL-C022E =+= 婴儿辅食: 20.525227727559113, 全自动: 27.87105480458372, 小容量: 18.9280276976005, 手持: -10.369560941481561, 智能: 43.045250711738234
joyoung/九阳- JYL-C051 =+= 婴儿辅食: 21.024318797719282, 全自动: 21.558726088862347, 小容量: 20.841031830535268, 手持: 15.719978346016628, 智能: 20.85594493686649
joyoung/九阳- JYL-C051料理机 =+= 婴儿辅食: 20.963201817604816, 全自动: 21.002582394655484, 小容量: 20.918038961445152, 手持: 17.792374921963884, 智能: 19.32380190433067
joyoung/九阳- JYL-C16D =+= 婴儿辅食: 20.835152195012174, 全自动: 20.497310576557165, 小容量: 20.66001438806988, 手持: 19.48630028990389, 智能: 18.521222550456894
joyoung/九阳- JYL-C16V =+= 婴儿辅食: 20.867090538847947, 全自动: 20.61918273214693, 小容量: 20.798367302059255, 手持: 19.345975535474413, 智能: 18.36938389147146
joyoung/九阳- JYL-C19V =+= 婴儿辅食: 20.835214121213976, 全自动: 20.461818729446428, 小容量: 20.64508268847186, 手持: 19.610384720408224, 智能: 18.447499740459524
joyoung/九阳- JYL-C50T =+= 婴儿辅食: 21.118352043548576, 全自动: 21.13108110751168, 小容量: 21.056702791548854, 手持: 16.563370920678555, 智能: 20.13049313671234
joyoung/九阳- JYL-C50T料理机 =+= 婴儿辅食: 20.867090538847947, 全自动: 20.61918273214693, 小容量: 20.798367302059255, 手持: 19.345975535474413, 智能: 18.36938389147146
joyoung/九阳- JYL-C902D =+= 婴儿辅食: 20.867090538847947, 全自动: 20.61918273214693, 小容量: 20.798367302059255, 手持: 19.345975535474413, 智能: 18.36938389147146
joyoung/九阳- JYL-C91T =+= 婴儿辅食: 20.975886519557605, 全自动: 20.905753147527797, 小容量: 20.976075319454544, 手持: 18.208614899959016, 智能: 18.933670113501027
joyoung/九阳- JYL-C91T料理机 =+= 婴儿辅食: 20.916205528377326, 全自动: 20.137913565497993, 小容量: 20.99839240272325, 手持: 21.36528639563313, 智能: 16.582202107768286
joyoung/九阳- JYL-D020 =+= 婴儿辅食: 20.791201371378957, 全自动: 21.05731541882076, 小容量: 20.750292437620686, 手持: 18.49383091344855, 智能: 18.90735985873105
joyoung/九阳- JYL-D022 =+= 婴儿辅食: 20.65726469314428, 全自动: 20.120094090082628, 小容量: 20.757063171048546, 手持: 24.27541043072446, 智能: 14.190167615000096
joyoung/九阳- JYL-F901 =+= 婴儿辅食: 20.867090538847947, 全自动: 20.61918273214693, 小容量: 20.798367302059255, 手持: 19.345975535474413, 智能: 18.36938389147146
joyoung/九阳- JYL-G12 =+= 婴儿辅食: 20.867090538847947, 全自动: 20.61918273214693, 小容量: 20.798367302059255, 手持: 19.345975535474413, 智能: 18.36938389147146
joyoung/九阳- JYL-G12E =+= 婴儿辅食: 20.82213659184241, 全自动: 20.72542460297493, 小容量: 20.6291149809223, 手持: 17.72303386501537, 智能: 20.100289959244996
joyoung/九阳- JYL-Y11 =+= 婴儿辅食: 20.867090538847947, 全自动: 20.61918273214693, 小容量: 20.798367302059255, 手持: 19.345975535474413, 智能: 18.36938389147146
joyoung/九阳- JYL-Y12H =+= 婴儿辅食: 20.753964458240073, 全自动: 20.980861246177408, 小容量: 20.56467436973391, 手持: 17.53442584819779, 智能: 20.166074077650823
joyoung/九阳- JYL-Y15 =+= 婴儿辅食: 20.387785980348806, 全自动: 22.15032006027896, 小容量: 19.992684393959113, 手持: 13.816002227156792, 智能: 23.653207338256333
joyoung/九阳- JYL-Y16 =+= 婴儿辅食: 13.730398625083328, 全自动: 56.634054330679916, 小容量: 2.4548275022245134, 手持: -143.04315980047406, 智能: 170.2238793424863
joyoung/九阳- JYL-Y18 =+= 婴儿辅食: 20.79610427353798, 全自动: 20.879205898722635, 小容量: 20.538502756896275, 手持: 17.79212932806592, 智能: 19.99405774277719
joyoung/九阳- JYL-Y20 =+= 婴儿辅食: 20.722350613565844, 全自动: 19.768048777141132, 小容量: 20.592269007516954, 手持: 22.729311122110726, 智能: 16.188020479665337
joyoung/九阳- JYL-Y29 =+= 婴儿辅食: 20.64726624582997, 全自动: 20.451469749011032, 小容量: 20.340472439891297, 手持: 19.353801571960563, 智能: 19.206989993307126
joyoung/九阳- JYL-Y3 =+= 婴儿辅食: 20.937580304719862, 全自动: 20.789348680800792, 小容量: 20.896001760700056, 手持: 18.236832470850437, 智能: 19.14023678292886
joyoung/九阳- JYL-Y6 =+= 婴儿辅食: 20.867090538847947, 全自动: 20.61918273214693, 小容量: 20.798367302059255, 手持: 19.345975535474413, 智能: 18.36938389147146
joyoung/九阳- JYL-Y60 =+= 婴儿辅食: 22.645236489938664, 全自动: -1.4141763135414356, 小容量: 29.91168328130506, 手持: 115.9672588672681, 智能: -67.1100023249704
joyoung/九阳- JYL-Y8 PLUS =+= 婴儿辅食: 20.867090538847947, 全自动: 20.61918273214693, 小容量: 20.798367302059255, 手持: 19.345975535474413, 智能: 18.36938389147146
joyoung/九阳- JYL-Y910 =+= 婴儿辅食: 20.867090538847947, 全自动: 20.61918273214693, 小容量: 20.798367302059255, 手持: 19.345975535474413, 智能: 18.36938389147146
joyoung/九阳- JYL-Y912 =+= 婴儿辅食: 20.835152195012174, 全自动: 20.497310576557165, 小容量: 20.66001438806988, 手持: 19.48630028990389, 智能: 18.521222550456894
joyoung/九阳- JYL-Y915 =+= 婴儿辅食: 20.867090538847947, 全自动: 20.61918273214693, 小容量: 20.798367302059255, 手持: 19.345975535474413, 智能: 18.36938389147146
joyoung/九阳- JYL-Y917 =+= 婴儿辅食: 20.867090538847947, 全自动: 20.61918273214693, 小容量: 20.798367302059255, 手持: 19.345975535474413, 智能: 18.36938389147146
joyoung/九阳- JYL-Y92 =+= 婴儿辅食: 20.867090538847947, 全自动: 20.61918273214693, 小容量: 20.798367302059255, 手持: 19.345975535474413, 智能: 18.36938389147146
joyoung/九阳- JYL-Y99 =+= 婴儿辅食: 20.867090538847947, 全自动: 20.61918273214693, 小容量: 20.798367302059255, 手持: 19.345975535474413, 智能: 18.36938389147146
joyoung/九阳- JYS-A800 =+= 婴儿辅食: 20.867090538847947, 全自动: 20.61918273214693, 小容量: 20.798367302059255, 手持: 19.345975535474413, 智能: 18.36938389147146
joyoung/九阳- JYS-A950 =+= 婴儿辅食: 20.838384329277435, 全自动: 20.600312353921186, 小容量: 20.792248292943512, 手持: 20.029143395444212, 智能: 17.739911628413658
joyoung/九阳- JYZ-Y20 =+= 婴儿辅食: 20.867090538847947, 全自动: 20.61918273214693, 小容量: 20.798367302059255, 手持: 19.345975535474413, 智能: 18.36938389147146
joyoung/九阳- L3-C1 =+= 婴儿辅食: 20.867090538847947, 全自动: 20.61918273214693, 小容量: 20.798367302059255, 手持: 19.345975535474413, 智能: 18.36938389147146
joyoung/九阳- Y92 =+= 婴儿辅食: 20.867090538847947, 全自动: 20.61918273214693, 小容量: 20.798367302059255, 手持: 19.345975535474413, 智能: 18.36938389147146
kambrook-搅拌机 =+= 婴儿辅食: 20.867090538847947, 全自动: 20.61918273214693, 小容量: 20.798367302059255, 手持: 19.345975535474413, 智能: 18.36938389147146
keabo/凯博-KB-1525AWN =+= 婴儿辅食: 8.94822810296629, 全自动: 15.66185979286316, 小容量: 7.625337906760938, 手持: 50.017321228060936, 智能: 17.747252969348683
kenwood/建伍-CH580 =+= 婴儿辅食: 20.867090538847947, 全自动: 20.61918273214693, 小容量: 20.798367302059255, 手持: 19.345975535474413, 智能: 18.36938389147146
kenwood/建伍-HDP306WH =+= 婴儿辅食: 20.867090538847947, 全自动: 20.61918273214693, 小容量: 20.798367302059255, 手持: 19.345975535474413, 智能: 18.36938389147146
kenwood/建伍-HDP404WH =+= 婴儿辅食: 20.867090538847947, 全自动: 20.61918273214693, 小容量: 20.798367302059255, 手持: 19.345975535474413, 智能: 18.36938389147146
kenwood/建伍-KM336 =+= 婴儿辅食: 20.826620274547736, 全自动: 20.601731892760107, 小容量: 20.757891043162633, 手持: 19.9871466851302, 智能: 17.826610104399332
kenwood/建伍-SMP060 =+= 婴儿辅食: 20.867090538847947, 全自动: 20.61918273214693, 小容量: 20.798367302059255, 手持: 19.345975535474413, 智能: 18.36938389147146
kesun/科顺-BL-806A =+= 婴儿辅食: 20.867090538847947, 全自动: 20.61918273214693, 小容量: 20.798367302059255, 手持: 19.345975535474413, 智能: 18.36938389147146
kesun/科顺-JLL350-B2 =+= 婴儿辅食: 21.034545617803754, 全自动: 21.023427972785136, 小容量: 21.030307155714183, 手持: 16.7111017043231, 智能: 20.200617549373828
kingpro-J-1202 =+= 婴儿辅食: 21.069062071302568, 全自动: 20.502377002948837, 小容量: 21.091494798442607, 手持: 18.760616416998417, 智能: 18.57644971030757
kingpro-J-1205 =+= 婴儿辅食: 20.867090538847947, 全自动: 20.61918273214693, 小容量: 20.798367302059255, 手持: 19.345975535474413, 智能: 18.36938389147146
kitchenaid-5KHB2569C =+= 婴儿辅食: 20.867090538847947, 全自动: 20.61918273214693, 小容量: 20.798367302059255, 手持: 19.345975535474413, 智能: 18.36938389147146
kitchenaid-5KSB1585C =+= 婴儿辅食: 20.760677984459313, 全自动: 19.928439075458694, 小容量: 20.79003837222654, 手持: 22.88125527781139, 智能: 15.639589290044068
kitchenaid-5QT 原装盆 =+= 婴儿辅食: 20.867090538847947, 全自动: 20.61918273214693, 小容量: 20.798367302059255, 手持: 19.345975535474413, 智能: 18.36938389147146
kitchenaid-料理机 =+= 婴儿辅食: 20.867090538847947, 全自动: 20.61918273214693, 小容量: 20.798367302059255, 手持: 19.345975535474413, 智能: 18.36938389147146
krobell/康贝尔-2166 =+= 婴儿辅食: 20.3373434574515, 全自动: 19.271924966212463, 小容量: 19.832024486401487, 手持: 23.59423362547565, 智能: 16.9644734644589
krobell/康贝尔-2168 =+= 婴儿辅食: 20.867090538847947, 全自动: 20.61918273214693, 小容量: 20.798367302059255, 手持: 19.345975535474413, 智能: 18.36938389147146
krobell/康贝尔-6288 =+= 婴儿辅食: 20.867090538847947, 全自动: 20.61918273214693, 小容量: 20.798367302059255, 手持: 19.345975535474413, 智能: 18.36938389147146
krups-HP503180 =+= 婴儿辅食: 20.867090538847947, 全自动: 20.61918273214693, 小容量: 20.798367302059255, 手持: 19.345975535474413, 智能: 18.36938389147146
krups-KB255 =+= 婴儿辅食: 20.867090538847947, 全自动: 20.61918273214693, 小容量: 20.798367302059255, 手持: 19.345975535474413, 智能: 18.36938389147146
krups-KB30380 =+= 婴儿辅食: 20.874251945123287, 全自动: 20.680634395904026, 小容量: 20.870129804052606, 手持: 19.244551493428624, 智能: 18.33043236149146
krups-KB870B80 =+= 婴儿辅食: 20.867090538847947, 全自动: 20.61918273214693, 小容量: 20.798367302059255, 手持: 19.345975535474413, 智能: 18.36938389147146
ladyship/贵夫人-LS-658 =+= 婴儿辅食: 20.867090538847947, 全自动: 20.61918273214693, 小容量: 20.798367302059255, 手持: 19.345975535474413, 智能: 18.36938389147146
liven/利仁-LL-A =+= 婴儿辅食: 20.828221721522237, 全自动: 20.753816833393312, 小容量: 20.768587172069257, 手持: 18.251894636419333, 智能: 19.397479636595868
liven/利仁-LLJ-W501 =+= 婴儿辅食: 20.867090538847947, 全自动: 20.61918273214693, 小容量: 20.798367302059255, 手持: 19.345975535474413, 智能: 18.36938389147146
lock＆lock/乐扣乐扣-ELHB-220 =+= 婴儿辅食: 20.867090538847947, 全自动: 20.61918273214693, 小容量: 20.798367302059255, 手持: 19.345975535474413, 智能: 18.36938389147146
long plus-60 =+= 婴儿辅食: 20.867090538847947, 全自动: 20.61918273214693, 小容量: 20.798367302059255, 手持: 19.345975535474413, 智能: 18.36938389147146
long plus-HB-1250 =+= 婴儿辅食: 20.867090538847947, 全自动: 20.61918273214693, 小容量: 20.798367302059255, 手持: 19.345975535474413, 智能: 18.36938389147146
lotek/乐泰-HB-103SC =+= 婴儿辅食: 20.817932414368684, 全自动: 20.66680022829605, 小容量: 20.7000523780054, 手持: 19.34125964422153, 智能: 18.47395533510835
luby/洛贝-LBJ-635B =+= 婴儿辅食: 20.867090538847947, 全自动: 20.61918273214693, 小容量: 20.798367302059255, 手持: 19.345975535474413, 智能: 18.36938389147146
luby/洛贝-LBL-GH01 =+= 婴儿辅食: 20.867090538847947, 全自动: 20.61918273214693, 小容量: 20.798367302059255, 手持: 19.345975535474413, 智能: 18.36938389147146
luby/洛贝-LBL-GH03 =+= 婴儿辅食: 20.867090538847947, 全自动: 20.61918273214693, 小容量: 20.798367302059255, 手持: 19.345975535474413, 智能: 18.36938389147146
luby/洛贝-LBL-SL01 =+= 婴儿辅食: 20.867090538847947, 全自动: 20.61918273214693, 小容量: 20.798367302059255, 手持: 19.345975535474413, 智能: 18.36938389147146
maizi kitchen/麦子厨房-BL772 =+= 婴儿辅食: 20.867090538847947, 全自动: 20.61918273214693, 小容量: 20.798367302059255, 手持: 19.345975535474413, 智能: 18.36938389147146
mcdou/麦豆-FSJD2 =+= 婴儿辅食: 20.790845153712993, 全自动: 20.71487370798953, 小容量: 20.794847729291476, 手持: 19.633460155840062, 智能: 18.06597325316594
meichen/美星晨-010 800W 220V～ 50HZ =+= 婴儿辅食: 21.030140982613553, 全自动: 21.936010940111046, 小容量: 20.963896159687927, 手持: 15.267276410701031, 智能: 20.802675506886448
meichen/美星晨-MXC-02 =+= 婴儿辅食: 20.867090538847947, 全自动: 20.61918273214693, 小容量: 20.798367302059255, 手持: 19.345975535474413, 智能: 18.36938389147146
mekka/麦嘉-MJ2050 =+= 婴儿辅食: 20.68790426313442, 全自动: 21.591487663672982, 小容量: 20.670781609467017, 手持: 19.127504432126, 智能: 17.922322031599588
mekka/麦嘉-MJ2240 =+= 婴儿辅食: 20.863328434236138, 全自动: 17.668654391276313, 小容量: 20.791496495697604, 手持: 31.51948826097556, 智能: 9.157032417814374
midea/美的- BL25B26 =+= 婴儿辅食: 20.867090538847947, 全自动: 20.61918273214693, 小容量: 20.798367302059255, 手持: 19.345975535474413, 智能: 18.36938389147146
midea/美的- BL25B31 =+= 婴儿辅食: 20.867090538847947, 全自动: 20.61918273214693, 小容量: 20.798367302059255, 手持: 19.345975535474413, 智能: 18.36938389147146
midea/美的- BL25B36 =+= 婴儿辅食: 20.867090538847947, 全自动: 20.61918273214693, 小容量: 20.798367302059255, 手持: 19.345975535474413, 智能: 18.36938389147146
midea/美的- MJ-BL1015A升级BL1507A =+= 婴儿辅食: 20.867090538847947, 全自动: 20.61918273214693, 小容量: 20.798367302059255, 手持: 19.345975535474413, 智能: 18.36938389147146
midea/美的- MJ-BL10K21 =+= 婴儿辅食: 20.867090538847947, 全自动: 20.61918273214693, 小容量: 20.798367302059255, 手持: 19.345975535474413, 智能: 18.36938389147146
midea/美的- MJ-BL10S11 =+= 婴儿辅食: 20.867090538847947, 全自动: 20.61918273214693, 小容量: 20.798367302059255, 手持: 19.345975535474413, 智能: 18.36938389147146
midea/美的- MJ-BL1206A =+= 婴儿辅食: 21.134531187739505, 全自动: 20.89233689959079, 小容量: 20.94180639609262, 手持: 17.67774953681071, 智能: 19.35357597976636
midea/美的- MJ-BL12K31 =+= 婴儿辅食: 21.108564429580632, 全自动: 19.980557801404547, 小容量: 20.927045147877053, 手持: 23.261142050860492, 智能: 14.722690570277258
midea/美的- MJ-BL1503B =+= 婴儿辅食: 20.90832229636164, 全自动: 20.81343455717399, 小容量: 20.842492180588835, 手持: 19.02179426447293, 智能: 18.413956701402608
midea/美的- MJ-BL25B12 =+= 婴儿辅食: 20.867090538847947, 全自动: 20.61918273214693, 小容量: 20.798367302059255, 手持: 19.345975535474413, 智能: 18.36938389147146
midea/美的- MJ-BL25B2 =+= 婴儿辅食: 15.043493519262814, 全自动: 14.195341704253615, 小容量: 11.677416054775591, 手持: 0.33445786149358875, 智能: 58.74929086021439
midea/美的- MJ-BL45J11 =+= 婴儿辅食: 20.900139810238258, 全自动: 20.181617218268986, 小容量: 20.93920464167257, 手持: 21.23337915221777, 智能: 16.745659177602416
midea/美的- MJ-BL80Y21 =+= 婴儿辅食: 20.867090538847947, 全自动: 20.61918273214693, 小容量: 20.798367302059255, 手持: 19.345975535474413, 智能: 18.36938389147146
midea/美的- MJ-BLBL1206A =+= 婴儿辅食: 23.672182655513154, 全自动: 7.92856432703271, 小容量: 27.29593400133771, 手持: 71.05170852421672, 智能: -29.948389508100284
midea/美的- MJ-LZ15Easy209 =+= 婴儿辅食: 20.867090538847947, 全自动: 20.61918273214693, 小容量: 20.798367302059255, 手持: 19.345975535474413, 智能: 18.36938389147146
midea/美的- MJ-PB80Easy210 =+= 婴儿辅食: 20.867090538847947, 全自动: 20.61918273214693, 小容量: 20.798367302059255, 手持: 19.345975535474413, 智能: 18.36938389147146
midea/美的- MJ-Power701 =+= 婴儿辅食: 20.867090538847947, 全自动: 20.61918273214693, 小容量: 20.798367302059255, 手持: 19.345975535474413, 智能: 18.36938389147146
midea/美的- MJ-WBL1008Q =+= 婴儿辅食: 20.867090538847947, 全自动: 20.61918273214693, 小容量: 20.798367302059255, 手持: 19.345975535474413, 智能: 18.36938389147146
midea/美的- MJ-WBL1021W =+= 婴儿辅食: 20.867090538847947, 全自动: 20.61918273214693, 小容量: 20.798367302059255, 手持: 19.345975535474413, 智能: 18.36938389147146
midea/美的- MJ-WBL1022S =+= 婴儿辅食: 20.867090538847947, 全自动: 20.61918273214693, 小容量: 20.798367302059255, 手持: 19.345975535474413, 智能: 18.36938389147146
midea/美的- MJ-WBL1031S =+= 婴儿辅食: 20.867090538847947, 全自动: 20.61918273214693, 小容量: 20.798367302059255, 手持: 19.345975535474413, 智能: 18.36938389147146
midea/美的- MJ-WBL2501A =+= 婴儿辅食: 21.446510341880003, 全自动: 18.533420530433883, 小容量: 22.181236490851383, 手持: 27.369793544457863, 智能: 10.469039092376876
midea/美的- MJ-WBL2501B =+= 婴儿辅食: 21.025722519199473, 全自动: 21.257845882936063, 小容量: 20.88811420073395, 手持: 15.930088908468042, 智能: 20.898228488662475
midea/美的- MJ-WBL2501C =+= 婴儿辅食: 20.867090538847947, 全自动: 20.61918273214693, 小容量: 20.798367302059255, 手持: 19.345975535474413, 智能: 18.36938389147146
midea/美的- MJ-WBL2521H =+= 婴儿辅食: 21.19969120576142, 全自动: 17.03912729876342, 小容量: 21.947494820591025, 手持: 33.6732398726475, 智能: 6.140446802236628
midea/美的- MJ-WBL2531H =+= 婴儿辅食: 20.867090538847947, 全自动: 20.61918273214693, 小容量: 20.798367302059255, 手持: 19.345975535474413, 智能: 18.36938389147146
midea/美的- MJ-WBL4531J =+= 婴儿辅食: 20.867090538847947, 全自动: 20.61918273214693, 小容量: 20.798367302059255, 手持: 19.345975535474413, 智能: 18.36938389147146
midea/美的- MJ-WBL8005P =+= 婴儿辅食: 20.867090538847947, 全自动: 20.61918273214693, 小容量: 20.798367302059255, 手持: 19.345975535474413, 智能: 18.36938389147146
midea/美的- Power703 =+= 婴儿辅食: 20.867090538847947, 全自动: 20.61918273214693, 小容量: 20.798367302059255, 手持: 19.345975535474413, 智能: 18.36938389147146
midea/美的- WBL1021S =+= 婴儿辅食: 20.852277363994663, 全自动: 20.667926365382606, 小容量: 20.787423635805073, 手持: 19.170708041582614, 智能: 18.521664593235037
midea/美的- WBL1022S =+= 婴儿辅食: 20.867090538847947, 全自动: 20.61918273214693, 小容量: 20.798367302059255, 手持: 19.345975535474413, 智能: 18.36938389147146
midea/美的- WBL2531H =+= 婴儿辅食: 20.87426718942045, 全自动: 22.135641852927847, 小容量: 20.73201089491573, 手持: 12.90315620985449, 智能: 23.35492385288148
midea/美的- WBL25B36 =+= 婴儿辅食: 20.883188661054138, 全自动: 20.179384940134895, 小容量: 20.928372573915006, 手持: 21.21871446270204, 智能: 16.790339362193926
midea/美的- 美的破壁机 =+= 婴儿辅食: 20.40011246199818, 全自动: 19.73986807923995, 小容量: 20.18361510610004, 手持: 23.69195325886369, 智能: 15.98445109379813
milate/美莱特-MS-1 =+= 婴儿辅食: 20.829204749867156, 全自动: 20.67210657136862, 小容量: 20.49042396657889, 手持: 19.5820023300552, 智能: 18.426262382130133
minimei-MM-201 =+= 婴儿辅食: 20.64670912877728, 全自动: 20.520926678314392, 小容量: 20.364752587119845, 手持: 19.25153400604293, 智能: 19.216077599745557
minos/迈诺诗-WMS-PB106 =+= 婴儿辅食: 20.867090538847947, 全自动: 20.61918273214693, 小容量: 20.798367302059255, 手持: 19.345975535474413, 智能: 18.36938389147146
morphy richards/摩飞电器-MR 1029 =+= 婴儿辅食: 20.867090538847947, 全自动: 20.61918273214693, 小容量: 20.798367302059255, 手持: 19.345975535474413, 智能: 18.36938389147146
murenking/牧人王-H19 =+= 婴儿辅食: 20.867090538847947, 全自动: 20.61918273214693, 小容量: 20.798367302059255, 手持: 19.345975535474413, 智能: 18.36938389147146
nathome/北欧欧慕-NJB103SA =+= 婴儿辅食: 17.301712213553753, 全自动: 15.440817573723269, 小容量: 15.834813062593796, 手持: 31.425549994458002, 智能: 19.99710715567118
panasonic/松下- MK-GB1 =+= 婴儿辅食: 20.85118392247171, 全自动: 20.531394844409938, 小容量: 20.7286189767034, 手持: 19.423665176612047, 智能: 18.465137079802904
panasonic/松下- MK-GH1 =+= 婴儿辅食: 20.992227171458197, 全自动: 20.831416265420565, 小容量: 20.934365723101614, 手持: 18.950956962724895, 智能: 18.291033877294726
panasonic/松下- MX-GS1 =+= 婴儿辅食: 20.912793702245004, 全自动: 20.574911917706498, 小容量: 20.88977239706646, 手持: 19.35035998160161, 智能: 18.272162001380433
panasonic/松下- MX-GX1061 =+= 婴儿辅食: 21.563937806011495, 全自动: 21.97224348344581, 小容量: 21.620960346763688, 手持: 6.570738503609526, 智能: 28.27211986016948
panasonic/松下- MX-PSC101G1 =+= 婴儿辅食: 20.867090538847947, 全自动: 20.61918273214693, 小容量: 20.798367302059255, 手持: 19.345975535474413, 智能: 18.36938389147146
panasonic/松下- MX-S401 =+= 婴儿辅食: 20.937580304719862, 全自动: 20.789348680800792, 小容量: 20.896001760700056, 手持: 18.236832470850437, 智能: 19.14023678292886
panasonic/松下- MX-SS40 =+= 婴儿辅食: 20.180370301969134, 全自动: 18.47354758379213, 小容量: 20.044838537033222, 手持: 28.980010423991565, 智能: 12.321233153213946
panasonic/松下- MX-XC501 =+= 婴儿辅食: 20.663211303292417, 全自动: 20.53921909833829, 小容量: 20.458257758285907, 手持: 19.249328972899374, 智能: 19.089982867184005
panasonic/松下- MX-XC701 =+= 婴儿辅食: 20.826340536533838, 全自动: 20.971181344922183, 小容量: 20.655231476970194, 手持: 17.797686373246375, 智能: 19.749560268327404
panasonic/松下- MX-ZX1800 =+= 婴儿辅食: 20.965011972671853, 全自动: 20.572088874954847, 小容量: 20.956478478443593, 手持: 19.392318877646293, 智能: 18.114101796283403
panasonic/松下- mx-ss1 =+= 婴儿辅食: 20.809993306697265, 全自动: 19.31169071864182, 小容量: 20.76005060588065, 手持: 24.78995912799362, 智能: 14.328306240786645
peskoe/半球-HB-J103 =+= 婴儿辅食: 20.135863789879558, 全自动: 19.934329686646386, 小容量: 19.81373374874796, 手持: 22.680408323040187, 智能: 17.435664451685902
peskoe/半球-HB-K805 =+= 婴儿辅食: 20.509017354482175, 全自动: 19.947132812842202, 小容量: 20.343785843651595, 手持: 23.067085153641106, 智能: 16.13297883538291
peskoe/半球-HB-K808 =+= 婴儿辅食: 20.867090538847947, 全自动: 20.61918273214693, 小容量: 20.798367302059255, 手持: 19.345975535474413, 智能: 18.36938389147146
philips/飞利浦- HR1604 =+= 婴儿辅食: 20.702058818454706, 全自动: 20.602377553189164, 小容量: 20.63878118150279, 手持: 19.487225917975152, 智能: 18.569556528878174
philips/飞利浦- HR1607 =+= 婴儿辅食: 21.29377589733719, 全自动: 18.52833675246194, 小容量: 21.265843294988333, 手持: 29.159193261656604, 智能: 9.752850793555934
philips/飞利浦- HR1608 =+= 婴儿辅食: 20.83599448936204, 全自动: 20.916279449974564, 小容量: 20.662465021637825, 手持: 18.559709192973344, 智能: 19.025551846052235
philips/飞利浦- HR1608/03 =+= 婴儿辅食: 21.060598734019347, 全自动: 20.919434166116325, 小容量: 20.90204999989981, 手持: 17.7820731827405, 智能: 19.335843917224015
philips/飞利浦- HR1609 =+= 婴儿辅食: 20.839432579472405, 全自动: 20.985368390645963, 小容量: 20.68050469106303, 手持: 17.76646317828397, 智能: 19.72823116053462
philips/飞利浦- HR1623 =+= 婴儿辅食: 20.867090538847947, 全自动: 20.61918273214693, 小容量: 20.798367302059255, 手持: 19.345975535474413, 智能: 18.36938389147146
