1号宝贝-OUYOU0011 =+= 婴儿辅食: 20.222010185758624, 全自动: 18.870346420507722, 小容量: 20.381755826147458, 手持: 23.54742891976413, 智能: 16.978458647822077
aca/北美电器-55522 =+= 婴儿辅食: 0, 全自动: 0, 小容量: 0, 手持: 0, 智能: 0
aca/北美电器-AF-B200 =+= 婴儿辅食: 0, 全自动: 0, 小容量: 0, 手持: 0, 智能: 0
aca/北美电器-AF-OR01 =+= 婴儿辅食: 21.289949221880022, 全自动: 22.911743539043425, 小容量: 20.666646873431795, 手持: 9.896287624223719, 智能: 25.235372741421042
aca/北美电器-AHM-S300 =+= 婴儿辅食: 0, 全自动: 0, 小容量: 0, 手持: 0, 智能: 0
ailhfm-小怪兽料理机 =+= 婴儿辅食: 0, 全自动: 0, 小容量: 0, 手持: 0, 智能: 0
amoi/夏新-TL-GB660 =+= 婴儿辅食: 19.940247246872584, 全自动: 18.915683145100335, 小容量: 20.058095137586474, 手持: 24.167248807590415, 智能: 16.91872566285019
amoi/夏新-TL-GB990 =+= 婴儿辅食: 0, 全自动: 0, 小容量: 0, 手持: 0, 智能: 0
amoi/夏新-TL-X11 =+= 婴儿辅食: 0, 全自动: 0, 小容量: 0, 手持: 0, 智能: 0
ashton/阿诗顿-BL-175 =+= 婴儿辅食: 19.72173980783451, 全自动: 18.981709196593727, 小容量: 19.58211414882983, 手持: 24.929447431080597, 智能: 16.78498941566133
ashton/阿诗顿-EF-410D =+= 婴儿辅食: 19.962058206970607, 全自动: 19.117233241049988, 小容量: 19.837326811822297, 手持: 23.912597752657415, 智能: 17.170783987499686
aunt mary/玛莉阿姨-HL-1888 =+= 婴儿辅食: 0, 全自动: 0, 小容量: 0, 手持: 0, 智能: 0
aunt mary/玛莉阿姨-HL-1898 =+= 婴儿辅食: 0, 全自动: 0, 小容量: 0, 手持: 0, 智能: 0
aux/奥克斯-HX-390 =+= 婴儿辅食: 21.213023190341367, 全自动: 25.619147749868418, 小容量: 20.0063941201189, 手持: 2.902183906295964, 智能: 30.259251033375353
aux/奥克斯-HX-401G =+= 婴儿辅食: 19.72173980783451, 全自动: 18.981709196593727, 小容量: 19.58211414882983, 手持: 24.929447431080597, 智能: 16.78498941566133
aux/奥克斯-HX-FS01 =+= 婴儿辅食: 0, 全自动: 0, 小容量: 0, 手持: 0, 智能: 0
bamix-G200 350 =+= 婴儿辅食: 0, 全自动: 0, 小容量: 0, 手持: 0, 智能: 0
bamix-G200 G350 =+= 婴儿辅食: 21.41242756656705, 全自动: 17.806091667304557, 小容量: 21.849378531568163, 手持: 20.38474621011544, 智能: 18.5473560244448
bamix-M200 =+= 婴儿辅食: 19.457559379364255, 全自动: 18.51160863343771, 小容量: 19.311041170762806, 手持: 24.850744730545284, 智能: 17.869046085889956
bamix-OTHER =+= 婴儿辅食: 21.297166662952407, 全自动: 19.0605844317233, 小容量: 21.629567770255704, 手持: 20.172789369040043, 智能: 17.839891766028554
bamix-UNOLD ESGE =+= 婴儿辅食: 0, 全自动: 0, 小容量: 0, 手持: 0, 智能: 0
barsone/朋森-BS-05L01 =+= 婴儿辅食: 21.213023190341367, 全自动: 25.619147749868418, 小容量: 20.0063941201189, 手持: 2.902183906295964, 智能: 30.259251033375353
bear/小熊-JBQ-A05D2 =+= 婴儿辅食: 20.224591940839513, 全自动: 19.67998788666772, 小容量: 20.167652733125447, 手持: 20.466706602655954, 智能: 19.46106083671137
bear/小熊-JBQ-D05A1 =+= 婴儿辅食: 19.390377358079476, 全自动: 19.49625788264427, 小容量: 18.989208311616043, 手持: 23.783099413006, 智能: 18.34105703465422
bear/小熊-JBQ-D05D2 =+= 婴儿辅食: 20.10759235914743, 全自动: 19.68221129617865, 小容量: 20.158902106619443, 手持: 21.185778769451545, 智能: 18.86551546860293
bear/小熊-JBQ-D131 =+= 婴儿辅食: 0, 全自动: 0, 小容量: 0, 手持: 0, 智能: 0
bear/小熊-JBQ-D1355 =+= 婴儿辅食: 20.564120267881925, 全自动: 19.970384831042644, 小容量: 20.521686448364097, 手持: 19.777863252388, 智能: 19.16594520032334
bear/小熊-LB-P919 =+= 婴儿辅食: 20.53593877560452, 全自动: 21.133041253365622, 小容量: 20.055771454782242, 手持: 14.896410136042137, 智能: 23.378838380205476
bear/小熊-LB-P928 =+= 婴儿辅食: 19.614884742816756, 全自动: 14.524113676122392, 小容量: 19.797134086472823, 手持: 30.075529546366514, 智能: 15.988337948221519
bear/小熊-LLJ-A05H1 =+= 婴儿辅食: 23.34315105938808, 全自动: 23.88693036429849, 小容量: 23.15629043630144, 手持: 1.6864701337885986, 智能: 27.927158006223383
bear/小熊-LLJ-A12A1 =+= 婴儿辅食: 20.490648314118946, 全自动: 20.5479114892376, 小容量: 20.448915074476343, 手持: 19.313387691788932, 智能: 19.199137430378183
bear/小熊-LLJ-A12G1 =+= 婴儿辅食: 22.47483294769034, 全自动: 15.365300162819752, 小容量: 11.519043634055423, 手持: 28.313911290443002, 智能: 22.326911964991478
bear/小熊-LLJ-A12Q3 =+= 婴儿辅食: 20.963150605679783, 全自动: 25.28758379103196, 小容量: 20.56541319692701, 手持: 5.552837373121682, 智能: 27.631015033239567
bear/小熊-LLJ-A12W8 =+= 婴儿辅食: 21.425701455364603, 全自动: 25.576137879409117, 小容量: 21.145931020150478, 手持: 3.9907346746343193, 智能: 27.861494970441477
bear/小熊-LLJ-B08D1 =+= 婴儿辅食: 0, 全自动: 0, 小容量: 0, 手持: 0, 智能: 0
bear/小熊-LLJ-B08G2 =+= 婴儿辅食: 22.1771584277684, 全自动: 19.63576073687312, 小容量: 23.726742836955914, 手持: 20.254429790228876, 智能: 14.205908208173684
bear/小熊-LLJ-B08J5 =+= 婴儿辅食: 21.23807148384828, 全自动: 21.926103848419256, 小容量: 20.76651135557988, 手持: 11.343170859071664, 智能: 24.726142453080918
bear/小熊-LLJ-B12A1 =+= 婴儿辅食: 21.104011955834704, 全自动: 20.92182323685674, 小容量: 21.70681589583973, 手持: 15.639887601389333, 智能: 20.627461310079493
bear/小熊-LLJ-B12K1 =+= 婴儿辅食: 21.086679299740418, 全自动: 23.645434370513975, 小容量: 20.30513558043343, 手持: 9.170446678427366, 智能: 25.7923040708848
bear/小熊-QSJ-A01F2 =+= 婴儿辅食: 20.244188502488562, 全自动: 19.027213801244375, 小容量: 20.55322575762304, 手持: 22.708982162955955, 智能: 17.466389775688068
bear/小熊-QSJ-A03A1 =+= 婴儿辅食: 20.693567408366295, 全自动: 18.998081917074266, 小容量: 18.686920863700262, 手持: 24.00082690892909, 智能: 17.620602901930102
bear/小熊-QSJ-B02S1 =+= 婴儿辅食: 21.793423769911733, 全自动: 20.18835555046734, 小容量: 22.417575089198944, 手持: 17.313396055935332, 智能: 18.28724953448666
bear/小熊-QSJ-B02U2 =+= 婴儿辅食: 20.26818792138754, 全自动: 19.016394208853836, 小容量: 20.489249495814803, 手持: 23.283982275539454, 智能: 16.942186098404367
bear/小熊-QSJ-B02X5 =+= 婴儿辅食: 20.145649573279353, 全自动: 19.208207800644917, 小容量: 20.272003126763092, 手持: 22.607972840745724, 智能: 17.766166658566917
bear/小熊-QSJ-B03D1 =+= 婴儿辅食: 0, 全自动: 0, 小容量: 0, 手持: 0, 智能: 0
bear/小熊-QSJ-B03R2 =+= 婴儿辅食: 0, 全自动: 0, 小容量: 0, 手持: 0, 智能: 0
binglo-HS-302H =+= 婴儿辅食: 0, 全自动: 0, 小容量: 0, 手持: 0, 智能: 0
blendtec-DESIGNER 625 =+= 婴儿辅食: 0, 全自动: 0, 小容量: 0, 手持: 0, 智能: 0
bosch/博世-54A00 =+= 婴儿辅食: 0, 全自动: 0, 小容量: 0, 手持: 0, 智能: 0
bosch/博世-MFZ4050 =+= 婴儿辅食: 0, 全自动: 0, 小容量: 0, 手持: 0, 智能: 0
bosch/博世-MMBS67GMCN =+= 婴儿辅食: 0, 全自动: 0, 小容量: 0, 手持: 0, 智能: 0
bosch/博世-MSM2410 =+= 婴儿辅食: 0, 全自动: 0, 小容量: 0, 手持: 0, 智能: 0
bosch/博世-MSM66020 =+= 婴儿辅食: 0, 全自动: 0, 小容量: 0, 手持: 0, 智能: 0
bosch/博世-MSME6110CN =+= 婴儿辅食: 0, 全自动: 0, 小容量: 0, 手持: 0, 智能: 0
bosch/博世-MSME7414CN =+= 婴儿辅食: 22.72228231229857, 全自动: 20.14124789637317, 小容量: 24.630343737109122, 手持: 20.882465992052307, 智能: 11.62366006216682
bosch/博世-MSMM8910CN =+= 婴儿辅食: 0, 全自动: 0, 小容量: 0, 手持: 0, 智能: 0
bosch/博世-MUMXL10T =+= 婴儿辅食: 22.89959682153021, 全自动: 22.5442039372931, 小容量: 21.908596627157745, 手持: 20.51486650673331, 智能: 12.13273610728563
braun/博朗-MQ545 =+= 婴儿辅食: 0, 全自动: 0, 小容量: 0, 手持: 0, 智能: 0
braun/博朗- 4179 =+= 婴儿辅食: 0, 全自动: 0, 小容量: 0, 手持: 0, 智能: 0
braun/博朗- 735 =+= 婴儿辅食: 19.110658131677088, 全自动: 18.63709862768317, 小容量: 18.933159335387867, 手持: 27.515093008467634, 智能: 15.803990896784244
braun/博朗- FP3010 =+= 婴儿辅食: 21.610527981888545, 全自动: 6.842881591263198, 小容量: 6.218139361017967, 手持: 38.210604077182964, 智能: 27.11784698864733
braun/博朗- JB7192 =+= 婴儿辅食: 0, 全自动: 0, 小容量: 0, 手持: 0, 智能: 0
braun/博朗- JM3013 =+= 婴儿辅食: 0, 全自动: 0, 小容量: 0, 手持: 0, 智能: 0
braun/博朗- MQ300 =+= 婴儿辅食: 20.514800187032844, 全自动: 19.03816394435321, 小容量: 20.129160186332527, 手持: 21.564735127247918, 智能: 18.753140555033504
braun/博朗- MQ3000 =+= 婴儿辅食: 18.837731705276166, 全自动: 23.299875271165547, 小容量: 16.593466432908937, 手持: 7.160687244456986, 智能: 34.10823934619237
braun/博朗- MQ3025 =+= 婴儿辅食: 20.24470955221941, 全自动: 19.29116771727474, 小容量: 20.178506373494805, 手持: 21.99113147774884, 智能: 18.294484879262207
braun/博朗- MQ325 =+= 婴儿辅食: 20.3162757330942, 全自动: 20.111947400550857, 小容量: 20.051119689710426, 手持: 19.032695841971883, 智能: 20.487961334672633
braun/博朗- MQ500 =+= 婴儿辅食: 6.034392916639596, 全自动: 13.201647717567825, 小容量: 8.24749893638399, 手持: 40.54485088717145, 智能: 31.971609542237143
braun/博朗- MQ5025 =+= 婴儿辅食: 20.353367537209003, 全自动: 18.446817493544245, 小容量: 20.17898995058536, 手持: 24.065430129730313, 智能: 16.95539488893109
braun/博朗- MQ5035 =+= 婴儿辅食: 0, 全自动: 0, 小容量: 0, 手持: 0, 智能: 0
braun/博朗- MQ505 =+= 婴儿辅食: 20.26846090203739, 全自动: 18.650666879346456, 小容量: 19.88862027440323, 手持: 24.135078424698445, 智能: 17.057173519514475
braun/博朗- MQ525 =+= 婴儿辅食: 20.278515419397557, 全自动: 21.161852681812086, 小容量: 19.228402173231604, 手持: 14.92668259889694, 智能: 24.404547126661814
braun/博朗- MQ530 =+= 婴儿辅食: 0, 全自动: 0, 小容量: 0, 手持: 0, 智能: 0
braun/博朗- MQ545 =+= 婴儿辅食: 20.33673245555636, 全自动: 18.804511136820924, 小容量: 20.203151895740305, 手持: 23.758348999196343, 智能: 16.897255512686055
braun/博朗- MQ700 =+= 婴儿辅食: 21.174964645568437, 全自动: 25.600765210323427, 小容量: 20.00031718377739, 手持: 2.930123253244446, 智能: 30.293829707086296
braun/博朗- MQ700料理机配件 =+= 婴儿辅食: 0, 全自动: 0, 小容量: 0, 手持: 0, 智能: 0
braun/博朗- MQ705 =+= 婴儿辅食: 29.65395927074362, 全自动: 19.462494196092287, 小容量: 24.31770694320923, 手持: 26.56583958995487, 智能: 0.0
braun/博朗- MQ735 =+= 婴儿辅食: 0, 全自动: 0, 小容量: 0, 手持: 0, 智能: 0
braun/博朗- MQ745 =+= 婴儿辅食: 20.218426075274444, 全自动: 22.177197392953754, 小容量: 19.450031417856266, 手持: 12.03784925874956, 智能: 26.116495855165997
braun/博朗- MQ745/MQ785 =+= 婴儿辅食: 20.68131829390238, 全自动: 20.55513908850503, 小容量: 20.68013035994693, 手持: 17.50372731444801, 智能: 20.57968494319764
braun/博朗- MQ785 =+= 婴儿辅食: 0, 全自动: 0, 小容量: 0, 手持: 0, 智能: 0
braun/博朗- MQ787 =+= 婴儿辅食: 21.099261128980626, 全自动: 18.433856257324727, 小容量: 20.78539051039877, 手持: 23.16724256257053, 智能: 16.514249540725345
braun/博朗- MQ9087X =+= 婴儿辅食: 17.885637410569664, 全自动: 21.832859279125103, 小容量: 16.296781637963413, 手持: 18.577453275911314, 智能: 25.407268396430506
braun/博朗- mq9087 =+= 婴儿辅食: 23.73044288575838, 全自动: 0.0, 小容量: 5.405592165991602, 手持: 70.86396494825001, 智能: 0.0
braun/博朗- 其它博朗榨汁机型号 =+= 婴儿辅食: 13.527958419786682, 全自动: 14.79778859804363, 小容量: 0.0, 手持: 0.0, 智能: 71.67425298216968
clara-MST-PBJ-V30 =+= 婴儿辅食: 0, 全自动: 0, 小容量: 0, 手持: 0, 智能: 0
clara-XD-K20E =+= 婴儿辅食: 0, 全自动: 0, 小容量: 0, 手持: 0, 智能: 0
climax/客来美-HA-3093 =+= 婴儿辅食: 0, 全自动: 0, 小容量: 0, 手持: 0, 智能: 0
dark horse/黑马-HM-630 =+= 婴儿辅食: 0, 全自动: 0, 小容量: 0, 手持: 0, 智能: 0
dark horse/黑马-KM-699 =+= 婴儿辅食: 19.72173980783451, 全自动: 18.981709196593727, 小容量: 19.58211414882983, 手持: 24.929447431080597, 智能: 16.78498941566133
deass/德氏-FE318F1 =+= 婴儿辅食: 0, 全自动: 0, 小容量: 0, 手持: 0, 智能: 0
electrolux/伊莱克斯-EMB3005 =+= 婴儿辅食: 18.843409173943293, 全自动: 17.418748124797585, 小容量: 18.680867595347163, 手持: 24.667781594400655, 智能: 20.389193511511298
fagor/法格-BV-373B =+= 婴儿辅食: 20.28085388825139, 全自动: 19.03180208769225, 小容量: 20.573946927379506, 手持: 23.12195338489646, 智能: 16.9914437117804
fagor/法格-BV-375KNA =+= 婴儿辅食: 0, 全自动: 0, 小容量: 0, 手持: 0, 智能: 0
fornonr/方奈优品-FN-800 =+= 婴儿辅食: 20.768797283880865, 全自动: 22.600601033115165, 小容量: 20.20928177198953, 手持: 11.249667080003498, 智能: 25.171652831010945
fronton/弗朗顿-CB-666D =+= 婴儿辅食: 20.720449471542057, 全自动: 22.17349040790273, 小容量: 20.54119430507077, 手持: 13.915621885203095, 智能: 22.649243930281344
fronton/弗朗顿-JB-1525AG =+= 婴儿辅食: 0, 全自动: 0, 小容量: 0, 手持: 0, 智能: 0
fronton/弗朗顿-MNS-PB106 =+= 婴儿辅食: 0, 全自动: 0, 小容量: 0, 手持: 0, 智能: 0
fulaier/福莱尔-FLE-219C =+= 婴儿辅食: 20.25556474512605, 全自动: 18.840785553537682, 小容量: 20.03656602306117, 手持: 22.328043571068687, 智能: 18.539040107206407
fulaier/福莱尔-FLE-219F =+= 婴儿辅食: 0, 全自动: 0, 小容量: 0, 手持: 0, 智能: 0
fulaier/福莱尔-FLE518A =+= 婴儿辅食: 20.43861596368168, 全自动: 20.010142507649665, 小容量: 20.343568804299633, 手持: 19.011988536434984, 智能: 20.195684187934045
fxunshi/华迅仕-MD-8500A =+= 婴儿辅食: 0, 全自动: 0, 小容量: 0, 手持: 0, 智能: 0
gemside/捷赛-JSP01 =+= 婴儿辅食: 21.213023190341367, 全自动: 25.619147749868418, 小容量: 20.0063941201189, 手持: 2.902183906295964, 智能: 30.259251033375353
german pool/德国宝-PRO-10 =+= 婴儿辅食: 20.5139119524728, 全自动: 19.428443085188626, 小容量: 20.423382912721273, 手持: 21.57756096118501, 智能: 18.05670108843229
german pool/德国宝-PRO-11CM =+= 婴儿辅食: 0, 全自动: 0, 小容量: 0, 手持: 0, 智能: 0
german pool/德国宝-PRO-813 =+= 婴儿辅食: 21.9767215699205, 全自动: 20.982552050355594, 小容量: 23.439009478637225, 手持: 14.083249381863922, 智能: 19.518467519222764
h2艾奇尔-TYB-999 =+= 婴儿辅食: 0, 全自动: 0, 小容量: 0, 手持: 0, 智能: 0
haier/海尔-HBB-B0105 =+= 婴儿辅食: 0, 全自动: 0, 小容量: 0, 手持: 0, 智能: 0
hamilton beach/汉美驰-51126-CN =+= 婴儿辅食: 20.782867907001155, 全自动: 22.517183989580875, 小容量: 22.99449029318826, 手持: 16.40207412331313, 智能: 17.30338368691657
hamilton beach/汉美驰-59765-CN =+= 婴儿辅食: 0, 全自动: 0, 小容量: 0, 手持: 0, 智能: 0
hamilton beach/汉美驰-72860-CN =+= 婴儿辅食: 0, 全自动: 0, 小容量: 0, 手持: 0, 智能: 0
hamilton beach/汉美驰- 51126-CN =+= 婴儿辅食: 0, 全自动: 0, 小容量: 0, 手持: 0, 智能: 0
hattiecs/海蒂诗-AJ-5123 =+= 婴儿辅食: 0, 全自动: 0, 小容量: 0, 手持: 0, 智能: 0
hattiecs/海蒂诗-RBM-728 =+= 婴儿辅食: 0, 全自动: 0, 小容量: 0, 手持: 0, 智能: 0
hattiecs/海蒂诗-RBM-775 =+= 婴儿辅食: 0, 全自动: 0, 小容量: 0, 手持: 0, 智能: 0
herpusi-HC-1500 =+= 婴儿辅食: 0, 全自动: 0, 小容量: 0, 手持: 0, 智能: 0
herpusi-HC-250C =+= 婴儿辅食: 0, 全自动: 0, 小容量: 0, 手持: 0, 智能: 0
herpusi-HC-302Q =+= 婴儿辅食: 0, 全自动: 0, 小容量: 0, 手持: 0, 智能: 0
herpusi-HD-175A =+= 婴儿辅食: 20.95051566068218, 全自动: 19.88479437622352, 小容量: 20.838040745263594, 手持: 17.849424863690693, 智能: 20.477224354140013
hgsuper-HG7701 =+= 婴儿辅食: 21.23807148384828, 全自动: 21.926103848419256, 小容量: 20.76651135557988, 手持: 11.343170859071664, 智能: 24.726142453080918
hgsuper-HG7702 =+= 婴儿辅食: 20.493482708540927, 全自动: 18.678571669032138, 小容量: 21.029418808805, 手持: 24.586076298035227, 智能: 15.212450515586708
home-mill/好磨家-HMJ-1001 =+= 婴儿辅食: 20.414056063366452, 全自动: 19.610851400653782, 小容量: 20.36745223508158, 手持: 20.489873174563105, 智能: 19.117767126335078
honguo/红果-HG-PB-182D =+= 婴儿辅食: 0, 全自动: 0, 小容量: 0, 手持: 0, 智能: 0
honguo/红果-HG-PJ115 =+= 婴儿辅食: 19.925375718890585, 全自动: 19.847492737969276, 小容量: 19.968317973589098, 手持: 21.939010116498366, 智能: 18.319803453052675
hurom/惠人-GG-LBF06 =+= 婴儿辅食: 0, 全自动: 0, 小容量: 0, 手持: 0, 智能: 0
hurom/惠人-GH-SBF06 =+= 婴儿辅食: 0, 全自动: 0, 小容量: 0, 手持: 0, 智能: 0
hyundai/现代-089 =+= 婴儿辅食: 0, 全自动: 0, 小容量: 0, 手持: 0, 智能: 0
hyundai/现代-QC-JR089 =+= 婴儿辅食: 0, 全自动: 0, 小容量: 0, 手持: 0, 智能: 0
jeff/杰孚-FX-A5 =+= 婴儿辅食: 0, 全自动: 0, 小容量: 0, 手持: 0, 智能: 0
jese/洁氏-JS-100G =+= 婴儿辅食: 0, 全自动: 0, 小容量: 0, 手持: 0, 智能: 0
jese/洁氏-JS-100Y =+= 婴儿辅食: 0, 全自动: 0, 小容量: 0, 手持: 0, 智能: 0
joyoung/九阳- C020E =+= 婴儿辅食: 0, 全自动: 0, 小容量: 0, 手持: 0, 智能: 0
joyoung/九阳- C91T =+= 婴儿辅食: 19.72173980783451, 全自动: 18.981709196593727, 小容量: 19.58211414882983, 手持: 24.929447431080597, 智能: 16.78498941566133
joyoung/九阳- JYB-F1 =+= 婴儿辅食: 0, 全自动: 0, 小容量: 0, 手持: 0, 智能: 0
joyoung/九阳- JYL-C010 =+= 婴儿辅食: 20.454800150603244, 全自动: 20.44670435783926, 小容量: 20.48522226577058, 手持: 17.45265905831202, 智能: 21.160614167474904
joyoung/九阳- JYL-C012 =+= 婴儿辅食: 20.556827974162204, 全自动: 20.53482503493571, 小容量: 20.581329662687757, 手持: 18.576367802006324, 智能: 19.750649526208004
joyoung/九阳- JYL-C012料理机 =+= 婴儿辅食: 0, 全自动: 0, 小容量: 0, 手持: 0, 智能: 0
joyoung/九阳- JYL-C020E =+= 婴儿辅食: 20.583950145024584, 全自动: 20.87832049732877, 小容量: 20.377879871753276, 手持: 16.99723910400293, 智能: 21.162610381890442
joyoung/九阳- JYL-C020E料理机 =+= 婴儿辅食: 0, 全自动: 0, 小容量: 0, 手持: 0, 智能: 0
joyoung/九阳- JYL-C022 =+= 婴儿辅食: 20.70632051643495, 全自动: 21.812949772437733, 小容量: 20.366086891387788, 手持: 14.520507528160955, 智能: 22.59413529157856
joyoung/九阳- JYL-C022E =+= 婴儿辅食: 20.20496742831905, 全自动: 18.69501545882131, 小容量: 20.444514970649823, 手持: 23.982267266756065, 智能: 16.67323487545375
joyoung/九阳- JYL-C051 =+= 婴儿辅食: 20.720732952259944, 全自动: 21.18719170301817, 小容量: 20.55206433186801, 手持: 16.596821326558228, 智能: 20.94318968629566
joyoung/九阳- JYL-C051料理机 =+= 婴儿辅食: 19.71042738147689, 全自动: 18.217248932158853, 小容量: 19.60410782250754, 手持: 25.764451663649456, 智能: 16.70376420020726
joyoung/九阳- JYL-C16D =+= 婴儿辅食: 20.782867907001155, 全自动: 22.517183989580875, 小容量: 22.99449029318826, 手持: 16.40207412331313, 智能: 17.30338368691657
joyoung/九阳- JYL-C16V =+= 婴儿辅食: 0, 全自动: 0, 小容量: 0, 手持: 0, 智能: 0
joyoung/九阳- JYL-C19V =+= 婴儿辅食: 20.81641742047282, 全自动: 22.861475659317804, 小容量: 22.874453131690647, 手持: 14.918901074377997, 智能: 18.528752714140726
joyoung/九阳- JYL-C50T =+= 婴儿辅食: 20.709877991971684, 全自动: 20.696567236464976, 小容量: 20.65002761328992, 手持: 17.540734111513856, 智能: 20.402793046759577
joyoung/九阳- JYL-C50T料理机 =+= 婴儿辅食: 0, 全自动: 0, 小容量: 0, 手持: 0, 智能: 0
joyoung/九阳- JYL-C902D =+= 婴儿辅食: 0, 全自动: 0, 小容量: 0, 手持: 0, 智能: 0
joyoung/九阳- JYL-C91T =+= 婴儿辅食: 20.55607448890585, 全自动: 20.506445437179146, 小容量: 20.561175333389375, 手持: 18.506724537297924, 智能: 19.869580203227716
joyoung/九阳- JYL-C91T料理机 =+= 婴儿辅食: 20.776732210545344, 全自动: 23.05556663504054, 小容量: 19.98023906380146, 手持: 10.98844121359002, 智能: 25.199020877022633
joyoung/九阳- JYL-D020 =+= 婴儿辅食: 20.377524065130764, 全自动: 20.58507218376674, 小容量: 20.356339590760275, 手持: 18.7989767726573, 智能: 19.88208738768491
joyoung/九阳- JYL-D022 =+= 婴儿辅食: 21.26062563461441, 全自动: 21.50742516022612, 小容量: 20.87521933398746, 手持: 12.265994536588675, 智能: 24.09073533458332
joyoung/九阳- JYL-F901 =+= 婴儿辅食: 0, 全自动: 0, 小容量: 0, 手持: 0, 智能: 0
joyoung/九阳- JYL-G12 =+= 婴儿辅食: 0, 全自动: 0, 小容量: 0, 手持: 0, 智能: 0
joyoung/九阳- JYL-G12E =+= 婴儿辅食: 20.248079117310482, 全自动: 19.746523612731295, 小容量: 20.492007801637907, 手持: 22.33766724850479, 智能: 17.175722219815544
joyoung/九阳- JYL-Y11 =+= 婴儿辅食: 0, 全自动: 0, 小容量: 0, 手持: 0, 智能: 0
joyoung/九阳- JYL-Y12H =+= 婴儿辅食: 20.418153147320208, 全自动: 18.669350268944974, 小容量: 20.785172894921295, 手持: 24.617282517848462, 智能: 15.510041170965064
joyoung/九阳- JYL-Y15 =+= 婴儿辅食: 20.306805666592435, 全自动: 21.14391444746156, 小容量: 20.101503896136276, 手持: 16.89880498987091, 智能: 21.548970999938813
joyoung/九阳- JYL-Y16 =+= 婴儿辅食: 20.558463021153152, 全自动: 22.615206638569536, 小容量: 19.90094634423622, 手持: 11.87277567345499, 智能: 25.052608322586096
joyoung/九阳- JYL-Y18 =+= 婴儿辅食: 17.10812418666861, 全自动: 23.17389600260248, 小容量: 13.330214405086585, 手持: 10.384784345255767, 智能: 36.002981060386574
joyoung/九阳- JYL-Y20 =+= 婴儿辅食: 21.0429546231437, 全自动: 22.508097156001476, 小容量: 21.112228322260478, 手持: 12.173885848218355, 智能: 23.16283405037599
joyoung/九阳- JYL-Y29 =+= 婴儿辅食: 21.86530377455953, 全自动: 21.191114409356146, 小容量: 23.907501167466716, 手持: 18.902693303099227, 智能: 14.133387345518372
joyoung/九阳- JYL-Y3 =+= 婴儿辅食: 19.72173980783451, 全自动: 18.981709196593727, 小容量: 19.58211414882983, 手持: 24.929447431080597, 智能: 16.78498941566133
joyoung/九阳- JYL-Y6 =+= 婴儿辅食: 0, 全自动: 0, 小容量: 0, 手持: 0, 智能: 0
joyoung/九阳- JYL-Y60 =+= 婴儿辅食: 20.670797463826062, 全自动: 21.96425827329245, 小容量: 20.139946216492902, 手持: 14.003539097262852, 智能: 23.221458949125733
joyoung/九阳- JYL-Y8 PLUS =+= 婴儿辅食: 0, 全自动: 0, 小容量: 0, 手持: 0, 智能: 0
joyoung/九阳- JYL-Y910 =+= 婴儿辅食: 0, 全自动: 0, 小容量: 0, 手持: 0, 智能: 0
joyoung/九阳- JYL-Y912 =+= 婴儿辅食: 20.782867907001155, 全自动: 22.517183989580875, 小容量: 22.99449029318826, 手持: 16.40207412331313, 智能: 17.30338368691657
joyoung/九阳- JYL-Y915 =+= 婴儿辅食: 0, 全自动: 0, 小容量: 0, 手持: 0, 智能: 0
joyoung/九阳- JYL-Y917 =+= 婴儿辅食: 0, 全自动: 0, 小容量: 0, 手持: 0, 智能: 0
joyoung/九阳- JYL-Y92 =+= 婴儿辅食: 0, 全自动: 0, 小容量: 0, 手持: 0, 智能: 0
joyoung/九阳- JYL-Y99 =+= 婴儿辅食: 0, 全自动: 0, 小容量: 0, 手持: 0, 智能: 0
joyoung/九阳- JYS-A800 =+= 婴儿辅食: 0, 全自动: 0, 小容量: 0, 手持: 0, 智能: 0
joyoung/九阳- JYS-A950 =+= 婴儿辅食: 20.954340144650025, 全自动: 20.64568654006811, 小容量: 20.72990350755986, 手持: 14.824605368153312, 智能: 22.845464439568694
joyoung/九阳- JYZ-Y20 =+= 婴儿辅食: 0, 全自动: 0, 小容量: 0, 手持: 0, 智能: 0
joyoung/九阳- L3-C1 =+= 婴儿辅食: 0, 全自动: 0, 小容量: 0, 手持: 0, 智能: 0
joyoung/九阳- Y92 =+= 婴儿辅食: 0, 全自动: 0, 小容量: 0, 手持: 0, 智能: 0
kambrook-搅拌机 =+= 婴儿辅食: 0, 全自动: 0, 小容量: 0, 手持: 0, 智能: 0
keabo/凯博-KB-1525AWN =+= 婴儿辅食: 20.13582688628569, 全自动: 20.091295245139566, 小容量: 20.078466019272156, 手持: 20.030715207175252, 智能: 19.663696642127327
kenwood/建伍-CH580 =+= 婴儿辅食: 0, 全自动: 0, 小容量: 0, 手持: 0, 智能: 0
kenwood/建伍-HDP306WH =+= 婴儿辅食: 0, 全自动: 0, 小容量: 0, 手持: 0, 智能: 0
kenwood/建伍-HDP404WH =+= 婴儿辅食: 0, 全自动: 0, 小容量: 0, 手持: 0, 智能: 0
kenwood/建伍-KM336 =+= 婴儿辅食: 22.853551577424287, 全自动: 21.873904594853553, 小容量: 22.645420604044, 手持: 1.5995012770773516, 智能: 31.027621946600814
kenwood/建伍-SMP060 =+= 婴儿辅食: 0, 全自动: 0, 小容量: 0, 手持: 0, 智能: 0
kesun/科顺-BL-806A =+= 婴儿辅食: 0, 全自动: 0, 小容量: 0, 手持: 0, 智能: 0
kesun/科顺-JLL350-B2 =+= 婴儿辅食: 19.72173980783451, 全自动: 18.981709196593727, 小容量: 19.58211414882983, 手持: 24.929447431080597, 智能: 16.78498941566133
kingpro-J-1202 =+= 婴儿辅食: 16.993696799688568, 全自动: 21.500351741897763, 小容量: 15.857186092861204, 手持: 27.20754702372276, 智能: 18.4412183418297
kingpro-J-1205 =+= 婴儿辅食: 0, 全自动: 0, 小容量: 0, 手持: 0, 智能: 0
kitchenaid-5KHB2569C =+= 婴儿辅食: 0, 全自动: 0, 小容量: 0, 手持: 0, 智能: 0
kitchenaid-5KSB1585C =+= 婴儿辅食: 18.98695820459302, 全自动: 23.413338099510362, 小容量: 18.010750777606894, 手持: 9.430420463595333, 智能: 30.15853245469439
kitchenaid-5QT 原装盆 =+= 婴儿辅食: 0, 全自动: 0, 小容量: 0, 手持: 0, 智能: 0
kitchenaid-料理机 =+= 婴儿辅食: 0, 全自动: 0, 小容量: 0, 手持: 0, 智能: 0
krobell/康贝尔-2166 =+= 婴儿辅食: 21.726603777135782, 全自动: 23.263501705591626, 小容量: 22.529643198262438, 手持: 11.07561251066038, 智能: 21.40463880834978
krobell/康贝尔-2168 =+= 婴儿辅食: 0, 全自动: 0, 小容量: 0, 手持: 0, 智能: 0
krobell/康贝尔-6288 =+= 婴儿辅食: 0, 全自动: 0, 小容量: 0, 手持: 0, 智能: 0
krups-HP503180 =+= 婴儿辅食: 0, 全自动: 0, 小容量: 0, 手持: 0, 智能: 0
krups-KB255 =+= 婴儿辅食: 0, 全自动: 0, 小容量: 0, 手持: 0, 智能: 0
krups-KB30380 =+= 婴儿辅食: 19.317066388422447, 全自动: 7.3956061630299565, 小容量: 6.600394053445769, 手持: 41.1003618623999, 智能: 25.58657153270192
krups-KB870B80 =+= 婴儿辅食: 0, 全自动: 0, 小容量: 0, 手持: 0, 智能: 0
ladyship/贵夫人-LS-658 =+= 婴儿辅食: 0, 全自动: 0, 小容量: 0, 手持: 0, 智能: 0
liven/利仁-LL-A =+= 婴儿辅食: 20.347023782871833, 全自动: 19.6262301030034, 小容量: 20.289415785463913, 手持: 22.32014040985593, 智能: 17.41718991880492
liven/利仁-LLJ-W501 =+= 婴儿辅食: 0, 全自动: 0, 小容量: 0, 手持: 0, 智能: 0
lock＆lock/乐扣乐扣-ELHB-220 =+= 婴儿辅食: 0, 全自动: 0, 小容量: 0, 手持: 0, 智能: 0
long plus-60 =+= 婴儿辅食: 0, 全自动: 0, 小容量: 0, 手持: 0, 智能: 0
long plus-HB-1250 =+= 婴儿辅食: 0, 全自动: 0, 小容量: 0, 手持: 0, 智能: 0
lotek/乐泰-HB-103SC =+= 婴儿辅食: 21.424351256923508, 全自动: 18.93769123516779, 小容量: 22.47888476923702, 手持: 19.387122064957673, 智能: 17.771950673714016
luby/洛贝-LBJ-635B =+= 婴儿辅食: 0, 全自动: 0, 小容量: 0, 手持: 0, 智能: 0
luby/洛贝-LBL-GH01 =+= 婴儿辅食: 0, 全自动: 0, 小容量: 0, 手持: 0, 智能: 0
luby/洛贝-LBL-GH03 =+= 婴儿辅食: 0, 全自动: 0, 小容量: 0, 手持: 0, 智能: 0
luby/洛贝-LBL-SL01 =+= 婴儿辅食: 0, 全自动: 0, 小容量: 0, 手持: 0, 智能: 0
maizi kitchen/麦子厨房-BL772 =+= 婴儿辅食: 0, 全自动: 0, 小容量: 0, 手持: 0, 智能: 0
mcdou/麦豆-FSJD2 =+= 婴儿辅食: 21.24276494131039, 全自动: 19.697111542009853, 小容量: 20.60443517442323, 手持: 17.47879841119796, 智能: 20.97688993105856
meichen/美星晨-010 800W 220V～ 50HZ =+= 婴儿辅食: 20.148178204620294, 全自动: 19.022468911119333, 小容量: 20.121580418308305, 手持: 22.352078415267936, 智能: 18.355694050684132
meichen/美星晨-MXC-02 =+= 婴儿辅食: 0, 全自动: 0, 小容量: 0, 手持: 0, 智能: 0
mekka/麦嘉-MJ2050 =+= 婴儿辅食: 20.841371658958177, 全自动: 18.681266153407066, 小容量: 20.683416821054724, 手持: 19.794746116435533, 智能: 19.9991992501445
mekka/麦嘉-MJ2240 =+= 婴儿辅食: 20.24728881113505, 全自动: 19.20840579278519, 小容量: 20.218200901505973, 手持: 22.515235811578133, 智能: 17.810868682995654
midea/美的- BL25B26 =+= 婴儿辅食: 0, 全自动: 0, 小容量: 0, 手持: 0, 智能: 0
midea/美的- BL25B31 =+= 婴儿辅食: 0, 全自动: 0, 小容量: 0, 手持: 0, 智能: 0
midea/美的- BL25B36 =+= 婴儿辅食: 0, 全自动: 0, 小容量: 0, 手持: 0, 智能: 0
midea/美的- MJ-BL1015A升级BL1507A =+= 婴儿辅食: 0, 全自动: 0, 小容量: 0, 手持: 0, 智能: 0
midea/美的- MJ-BL10K21 =+= 婴儿辅食: 0, 全自动: 0, 小容量: 0, 手持: 0, 智能: 0
midea/美的- MJ-BL10S11 =+= 婴儿辅食: 0, 全自动: 0, 小容量: 0, 手持: 0, 智能: 0
midea/美的- MJ-BL1206A =+= 婴儿辅食: 15.534145472081818, 全自动: 15.354479461397661, 小容量: 17.47956277098025, 手持: 39.40197553242768, 智能: 12.229836763112594
midea/美的- MJ-BL12K31 =+= 婴儿辅食: 20.374543773772444, 全自动: 20.973966957426946, 小容量: 20.436462309329414, 手持: 16.27520504979276, 智能: 21.93982190967845
midea/美的- MJ-BL1503B =+= 婴儿辅食: 19.178732193088752, 全自动: 14.338154599590522, 小容量: 19.046498710355394, 手持: 28.42979903883896, 智能: 19.00681545812638
midea/美的- MJ-BL25B12 =+= 婴儿辅食: 0, 全自动: 0, 小容量: 0, 手持: 0, 智能: 0
midea/美的- MJ-BL25B2 =+= 婴儿辅食: 20.487993466000823, 全自动: 20.30013981284101, 小容量: 20.492730478126663, 手持: 19.6628439116979, 智能: 19.0562923313336
midea/美的- MJ-BL45J11 =+= 婴儿辅食: 21.213023190341367, 全自动: 25.619147749868418, 小容量: 20.0063941201189, 手持: 2.902183906295964, 智能: 30.259251033375353
midea/美的- MJ-BL80Y21 =+= 婴儿辅食: 0, 全自动: 0, 小容量: 0, 手持: 0, 智能: 0
midea/美的- MJ-BLBL1206A =+= 婴儿辅食: 20.47911231328989, 全自动: 23.593347911608646, 小容量: 19.61791374426839, 手持: 9.602007059763016, 智能: 26.707618971070076
midea/美的- MJ-LZ15Easy209 =+= 婴儿辅食: 0, 全自动: 0, 小容量: 0, 手持: 0, 智能: 0
midea/美的- MJ-PB80Easy210 =+= 婴儿辅食: 0, 全自动: 0, 小容量: 0, 手持: 0, 智能: 0
midea/美的- MJ-Power701 =+= 婴儿辅食: 0, 全自动: 0, 小容量: 0, 手持: 0, 智能: 0
midea/美的- MJ-WBL1008Q =+= 婴儿辅食: 0, 全自动: 0, 小容量: 0, 手持: 0, 智能: 0
midea/美的- MJ-WBL1021W =+= 婴儿辅食: 0, 全自动: 0, 小容量: 0, 手持: 0, 智能: 0
midea/美的- MJ-WBL1022S =+= 婴儿辅食: 0, 全自动: 0, 小容量: 0, 手持: 0, 智能: 0
midea/美的- MJ-WBL1031S =+= 婴儿辅食: 0, 全自动: 0, 小容量: 0, 手持: 0, 智能: 0
midea/美的- MJ-WBL2501A =+= 婴儿辅食: 20.454347158980298, 全自动: 19.22128134990336, 小容量: 20.727740488224008, 手持: 22.141154413162145, 智能: 17.45547658973018
midea/美的- MJ-WBL2501B =+= 婴儿辅食: 20.710432940057007, 全自动: 20.88335818724359, 小容量: 20.584659458621807, 手持: 16.969565917971956, 智能: 20.851983496105643
midea/美的- MJ-WBL2501C =+= 婴儿辅食: 0, 全自动: 0, 小容量: 0, 手持: 0, 智能: 0
midea/美的- MJ-WBL2521H =+= 婴儿辅食: 20.75326817986976, 全自动: 23.019772558116557, 小容量: 20.14126046071022, 手持: 11.332831463836975, 智能: 24.752867337466494
midea/美的- MJ-WBL2531H =+= 婴儿辅食: 0, 全自动: 0, 小容量: 0, 手持: 0, 智能: 0
midea/美的- MJ-WBL4531J =+= 婴儿辅食: 0, 全自动: 0, 小容量: 0, 手持: 0, 智能: 0
midea/美的- MJ-WBL8005P =+= 婴儿辅食: 0, 全自动: 0, 小容量: 0, 手持: 0, 智能: 0
midea/美的- Power703 =+= 婴儿辅食: 0, 全自动: 0, 小容量: 0, 手持: 0, 智能: 0
midea/美的- WBL1021S =+= 婴儿辅食: 20.5139119524728, 全自动: 19.428443085188626, 小容量: 20.423382912721273, 手持: 21.57756096118501, 智能: 18.05670108843229
midea/美的- WBL1022S =+= 婴儿辅食: 0, 全自动: 0, 小容量: 0, 手持: 0, 智能: 0
midea/美的- WBL2531H =+= 婴儿辅食: 20.71578486308813, 全自动: 21.695253018546747, 小容量: 20.576982892515165, 手持: 14.869987372465964, 智能: 22.14199185338399
midea/美的- WBL25B36 =+= 婴儿辅食: 21.34745922149004, 全自动: 25.521092740205596, 小容量: 20.07505899086971, 手持: 3.279067219032573, 智能: 29.777321828402073
midea/美的- 美的破壁机 =+= 婴儿辅食: 22.96217492342035, 全自动: 24.877495281675067, 小容量: 23.472026106435678, 手持: 2.089042848817583, 智能: 26.599260839651325
milate/美莱特-MS-1 =+= 婴儿辅食: 20.493558046995787, 全自动: 20.099685077698545, 小容量: 20.98481524527436, 手持: 18.951060510519053, 智能: 19.470881119512242
minimei-MM-201 =+= 婴儿辅食: 22.83029514505237, 全自动: 20.872120142936847, 小容量: 25.7129644981719, 手持: 19.94296173054735, 智能: 10.641658483291542
minos/迈诺诗-WMS-PB106 =+= 婴儿辅食: 0, 全自动: 0, 小容量: 0, 手持: 0, 智能: 0
morphy richards/摩飞电器-MR 1029 =+= 婴儿辅食: 0, 全自动: 0, 小容量: 0, 手持: 0, 智能: 0
murenking/牧人王-H19 =+= 婴儿辅食: 0, 全自动: 0, 小容量: 0, 手持: 0, 智能: 0
nathome/北欧欧慕-NJB103SA =+= 婴儿辅食: 19.901124194842698, 全自动: 19.44627554585585, 小容量: 19.656307338921298, 手持: 21.21091089462216, 智能: 19.785382025758004
panasonic/松下- MK-GB1 =+= 婴儿辅食: 21.576403173114915, 全自动: 33.36794541915814, 小容量: 30.50640199171349, 手持: 6.6653338957590655, 智能: 7.883915520254386
panasonic/松下- MK-GH1 =+= 婴儿辅食: 18.843409173943293, 全自动: 17.418748124797585, 小容量: 18.680867595347163, 手持: 24.667781594400655, 智能: 20.389193511511298
panasonic/松下- MX-GS1 =+= 婴儿辅食: 21.424351256923508, 全自动: 18.93769123516779, 小容量: 22.47888476923702, 手持: 19.387122064957673, 智能: 17.771950673714016
panasonic/松下- MX-GX1061 =+= 婴儿辅食: 20.10285149438136, 全自动: 19.75607927231133, 小容量: 20.053210664858046, 手持: 22.055469341653176, 智能: 18.032389226796095
panasonic/松下- MX-PSC101G1 =+= 婴儿辅食: 0, 全自动: 0, 小容量: 0, 手持: 0, 智能: 0
panasonic/松下- MX-S401 =+= 婴儿辅食: 19.72173980783451, 全自动: 18.981709196593727, 小容量: 19.58211414882983, 手持: 24.929447431080597, 智能: 16.78498941566133
panasonic/松下- MX-SS40 =+= 婴儿辅食: 19.607294005006075, 全自动: 18.36116127953351, 小容量: 19.575573825921836, 手持: 25.707140742076163, 智能: 16.748830147462424
panasonic/松下- MX-XC501 =+= 婴儿辅食: 22.934341955414748, 全自动: 20.72772050898143, 小容量: 24.973614364212782, 手持: 20.20917377066042, 智能: 11.155149400730613
panasonic/松下- MX-XC701 =+= 婴儿辅食: 21.102786944971957, 全自动: 25.642444475049768, 小容量: 19.726981572597, 手持: 2.6752604386699623, 智能: 30.85252656871129
panasonic/松下- MX-ZX1800 =+= 婴儿辅食: 17.885637410569664, 全自动: 21.832859279125103, 小容量: 16.296781637963413, 手持: 18.577453275911314, 智能: 25.407268396430506
panasonic/松下- mx-ss1 =+= 婴儿辅食: 20.172530558829195, 全自动: 18.97606433151696, 小容量: 20.166246030322167, 手持: 23.29557781628652, 智能: 17.38958126304516
peskoe/半球-HB-J103 =+= 婴儿辅食: 23.64524630130311, 全自动: 23.211348398072982, 小容量: 24.461842550564814, 手持: 7.145790922955421, 智能: 21.535771827103677
peskoe/半球-HB-K805 =+= 婴儿辅食: 19.996699596299912, 全自动: 19.553653888088164, 小容量: 19.90788263317601, 手持: 22.075355961286558, 智能: 18.466407921149376
peskoe/半球-HB-K808 =+= 婴儿辅食: 0, 全自动: 0, 小容量: 0, 手持: 0, 智能: 0
philips/飞利浦- HR1604 =+= 婴儿辅食: 24.243812303348772, 全自动: 20.360949709331432, 小容量: 23.869907110714927, 手持: 15.697451888018339, 智能: 15.82787898858652
philips/飞利浦- HR1607 =+= 婴儿辅食: 20.628631068889447, 全自动: 22.972667399209563, 小容量: 20.482224798286357, 手持: 10.521401802364858, 智能: 25.39507493124978
philips/飞利浦- HR1608 =+= 婴儿辅食: 20.4309645726811, 全自动: 18.678343124374198, 小容量: 20.892040172556072, 手持: 22.87914248441461, 智能: 17.119509645974002
philips/飞利浦- HR1608/03 =+= 婴儿辅食: 19.679960350149045, 全自动: 19.183787095419163, 小容量: 19.929163399346432, 手持: 23.43296728045997, 智能: 17.77412187462539
philips/飞利浦- HR1609 =+= 婴儿辅食: 21.213023190341367, 全自动: 25.619147749868418, 小容量: 20.0063941201189, 手持: 2.902183906295964, 智能: 30.259251033375353
philips/飞利浦- HR1623 =+= 婴儿辅食: 0, 全自动: 0, 小容量: 0, 手持: 0, 智能: 0
philips/飞利浦- HR1626 =+= 婴儿辅食: 18.843409173943293, 全自动: 17.418748124797585, 小容量: 18.680867595347163, 手持: 24.667781594400655, 智能: 20.389193511511298
philips/飞利浦- HR1672 =+= 婴儿辅食: 0, 全自动: 0, 小容量: 0, 手持: 0, 智能: 0
philips/飞利浦- HR1673 =+= 婴儿辅食: 0, 全自动: 0, 小容量: 0, 手持: 0, 智能: 0
philips/飞利浦- HR2056 =+= 婴儿辅食: 20.315525645194082, 全自动: 21.742725011144223, 小容量: 20.021410180391666, 手持: 16.541788667384807, 智能: 21.37855049588523
philips/飞利浦- HR2056/00 =+= 婴儿辅食: 0, 全自动: 0, 小容量: 0, 手持: 0, 智能: 0
philips/飞利浦- HR2062 =+= 婴儿辅食: 29.101951255843492, 全自动: 26.961166883193062, 小容量: 31.657697084479164, 手持: 5.985761527977225, 智能: 6.293423248507058
philips/飞利浦- HR2100 =+= 婴儿辅食: 20.85976332004775, 全自动: 19.920800649018883, 小容量: 21.209845370582673, 手持: 19.478931346492036, 智能: 18.530659313858656
philips/飞利浦- HR2100/40 =+= 婴儿辅食: 0, 全自动: 0, 小容量: 0, 手持: 0, 智能: 0
philips/飞利浦- HR2101/03 =+= 婴儿辅食: 21.213023190341367, 全自动: 25.619147749868418, 小容量: 20.0063941201189, 手持: 2.902183906295964, 智能: 30.259251033375353
philips/飞利浦- HR2166 =+= 婴儿辅食: 0, 全自动: 0, 小容量: 0, 手持: 0, 智能: 0
philips/飞利浦- HR3653 =+= 婴儿辅食: 0, 全自动: 0, 小容量: 0, 手持: 0, 智能: 0
philips/飞利浦- hr2101 =+= 婴儿辅食: 0, 全自动: 0, 小容量: 0, 手持: 0, 智能: 0
philips/飞利浦- hr2872 =+= 婴儿辅食: 20.555774348911577, 全自动: 18.86452416195493, 小容量: 21.14334277987541, 手持: 22.24682016276952, 智能: 17.189538546488563
philips/飞利浦- hr2874 =+= 婴儿辅食: 21.854914367575457, 全自动: 22.37127189448063, 小容量: 22.782734655350332, 手持: 13.223857933525883, 智能: 19.7672211490677
ranbem/瑞本-767S =+= 婴儿辅食: 20.327066993596613, 全自动: 20.629994593266552, 小容量: 20.089263487038394, 手持: 18.353123791415936, 智能: 20.600551134682505
ranbem/瑞本-768B =+= 婴儿辅食: 20.20706773819919, 全自动: 20.484411072066898, 小容量: 20.04392970956366, 手持: 18.500122688009625, 智能: 20.764468792160628
ranbem/瑞本-775 =+= 婴儿辅食: 20.302256357481212, 全自动: 20.313089026624052, 小容量: 20.210718205660424, 手持: 18.848627690507875, 智能: 20.325308719726433
ranbem/瑞本-RBM-728 =+= 婴儿辅食: 19.321868556219925, 全自动: 19.017015829655534, 小容量: 19.0275628273917, 手持: 24.163181847611817, 智能: 18.470370939121025
ranbem/瑞本-RBM-768B =+= 婴儿辅食: 21.213023190341367, 全自动: 25.619147749868418, 小容量: 20.0063941201189, 手持: 2.902183906295964, 智能: 30.259251033375353
ranbem/瑞本-RBM-775 =+= 婴儿辅食: 20.060893346225644, 全自动: 20.791599600647828, 小容量: 19.75987502490969, 手持: 18.325485330176683, 智能: 21.062146698040138
recolte/丽克特-RCP-2 =+= 婴儿辅食: 0, 全自动: 0, 小容量: 0, 手持: 0, 智能: 0
rileosip/雅乐思-PB-M1-1602 =+= 婴儿辅食: 0, 全自动: 0, 小容量: 0, 手持: 0, 智能: 0
robot-coupe/罗伯特.库伯-MICROMIX =+= 婴儿辅食: 0, 全自动: 0, 小容量: 0, 手持: 0, 智能: 0
rosenstein&sohne-NC2406 =+= 婴儿辅食: 0, 全自动: 0, 小容量: 0, 手持: 0, 智能: 0
royalstar/荣事达- RS-JR20E =+= 婴儿辅食: 21.24979509637892, 全自动: 20.197610218811164, 小容量: 21.122276906792, 手持: 15.293893505437328, 智能: 22.136424272580584
royalstar/荣事达- RZ-1018C1 =+= 婴儿辅食: 0, 全自动: 0, 小容量: 0, 手持: 0, 智能: 0
royalstar/荣事达- RZ-200S9 =+= 婴儿辅食: 21.213023190341367, 全自动: 25.619147749868418, 小容量: 20.0063941201189, 手持: 2.902183906295964, 智能: 30.259251033375353
royalstar/荣事达- RZ-218A =+= 婴儿辅食: 19.72173980783451, 全自动: 18.981709196593727, 小容量: 19.58211414882983, 手持: 24.929447431080597, 智能: 16.78498941566133
royalstar/荣事达- RZ-283 =+= 婴儿辅食: 22.223920486085976, 全自动: 22.15798122674304, 小容量: 22.905372268247135, 手持: 15.340148249121544, 智能: 17.372577769802295
royalstar/荣事达- RZ-378H =+= 婴儿辅食: 19.643402203164147, 全自动: 18.95572499787299, 小容量: 19.51851036053942, 手持: 25.28414828193774, 智能: 16.598214156485707
royalstar/荣事达- RZ-505 =+= 婴儿辅食: 19.978058363898935, 全自动: 19.302214357529113, 小容量: 19.919693571317282, 手持: 22.436253214559596, 智能: 18.363780492695085
royalstar/荣事达- RZ-708H =+= 婴儿辅食: 18.97743697358979, 全自动: 17.738112475568798, 小容量: 19.059891525687828, 手持: 28.862105649692936, 智能: 15.362453375460653
royalstar/荣事达- RZ-718D =+= 婴儿辅食: 0, 全自动: 0, 小容量: 0, 手持: 0, 智能: 0
royalstar/荣事达- RZ-8001 =+= 婴儿辅食: 19.855300738844267, 全自动: 19.19888804879818, 小容量: 19.819339791274153, 手持: 23.711362276556166, 智能: 17.415109144527225
royalstar/荣事达- RZ-8012 =+= 婴儿辅食: 19.781734589938093, 全自动: 19.169644742225913, 小容量: 19.48550742903079, 手持: 22.518057027014038, 智能: 19.045056211791156
sansui/山水-SA18 =+= 婴儿辅食: 18.667500624372597, 全自动: 20.311723623540477, 小容量: 17.886646827572157, 手持: 21.678604084863586, 智能: 21.455524839651183
savtm/狮威特-BR11A =+= 婴儿辅食: 0, 全自动: 0, 小容量: 0, 手持: 0, 智能: 0
severin-SM3710 =+= 婴儿辅食: 0, 全自动: 0, 小容量: 0, 手持: 0, 智能: 0
severin-SM3739 =+= 婴儿辅食: 30.39724105237435, 全自动: 33.250541811164275, 小容量: 36.35221713646137, 手持: 0.0, 智能: 0.0
shield king/盾皇-DK-112-D =+= 婴儿辅食: 0, 全自动: 0, 小容量: 0, 手持: 0, 智能: 0
shield king/盾皇-DK-777 =+= 婴儿辅食: 0, 全自动: 0, 小容量: 0, 手持: 0, 智能: 0
skg-1260C =+= 婴儿辅食: 19.814231891127868, 全自动: 20.254996430560016, 小容量: 19.666019868260175, 手持: 19.018721721294085, 智能: 21.24603008875785
skg-1290 =+= 婴儿辅食: 0, 全自动: 0, 小容量: 0, 手持: 0, 智能: 0
skg-1293 =+= 婴儿辅食: 0, 全自动: 0, 小容量: 0, 手持: 0, 智能: 0
smeg-BLF01 =+= 婴儿辅食: 0, 全自动: 0, 小容量: 0, 手持: 0, 智能: 0
smeg-SMF 01 =+= 婴儿辅食: 0, 全自动: 0, 小容量: 0, 手持: 0, 智能: 0
stelang/雪特朗-ST-301A =+= 婴儿辅食: 0, 全自动: 0, 小容量: 0, 手持: 0, 智能: 0
supor/苏泊尔-BV501-300 =+= 婴儿辅食: 0, 全自动: 0, 小容量: 0, 手持: 0, 智能: 0
supor/苏泊尔-JG32D-300 =+= 婴儿辅食: 0, 全自动: 0, 小容量: 0, 手持: 0, 智能: 0
supor/苏泊尔-JM10-150 =+= 婴儿辅食: 0, 全自动: 0, 小容量: 0, 手持: 0, 智能: 0
supor/苏泊尔-JP05D-1300 =+= 婴儿辅食: 20.239207490823343, 全自动: 20.69333698146923, 小容量: 19.85447499785491, 手持: 15.949480688490807, 智能: 23.263499841361707
supor/苏泊尔-JP06D-1300 =+= 婴儿辅食: 0, 全自动: 0, 小容量: 0, 手持: 0, 智能: 0
supor/苏泊尔-JP08P =+= 婴儿辅食: 21.213023190341367, 全自动: 25.619147749868418, 小容量: 20.0063941201189, 手持: 2.902183906295964, 智能: 30.259251033375353
supor/苏泊尔-JP08P-1300 =+= 婴儿辅食: 21.576403173114915, 全自动: 33.36794541915814, 小容量: 30.50640199171349, 手持: 6.6653338957590655, 智能: 7.883915520254386
supor/苏泊尔-JP10DA-1300 =+= 婴儿辅食: 0, 全自动: 0, 小容量: 0, 手持: 0, 智能: 0
supor/苏泊尔-JP12D-800 =+= 婴儿辅食: 0, 全自动: 0, 小容量: 0, 手持: 0, 智能: 0
supor/苏泊尔-JP13D-800 =+= 婴儿辅食: 20.24746353977345, 全自动: 22.63437080847248, 小容量: 19.29733206990764, 手持: 12.86410229446795, 智能: 24.95673128737849
supor/苏泊尔-JP19D-1400 =+= 婴儿辅食: 21.37502345356775, 全自动: 21.09603143683066, 小容量: 22.404941485418284, 手持: 19.79696049096365, 智能: 15.32704313321966
supor/苏泊尔-JP23D-1100 =+= 婴儿辅食: 15.55152377502668, 全自动: 7.103619846085432, 小容量: 21.13823972363831, 手持: 41.71948341157586, 智能: 14.487133243673737
supor/苏泊尔-JP37V-1300 =+= 婴儿辅食: 0, 全自动: 0, 小容量: 0, 手持: 0, 智能: 0
supor/苏泊尔-JP39V-1300 =+= 婴儿辅食: 21.277153365930026, 全自动: 20.393885650388892, 小容量: 21.40249685116766, 手持: 16.277665257796393, 智能: 20.648798874717027
supor/苏泊尔-JS36D-300 =+= 婴儿辅食: 0, 全自动: 0, 小容量: 0, 手持: 0, 智能: 0
supor/苏泊尔-JS39D-250 =+= 婴儿辅食: 20.905792910984534, 全自动: 20.985801070150856, 小容量: 21.08694819799483, 手持: 16.913376894263294, 智能: 20.108080926606487
supor/苏泊尔-SJ609B-300 =+= 婴儿辅食: 19.78399716214818, 全自动: 19.13106747936557, 小容量: 19.84955013155267, 手持: 24.630206077630206, 智能: 16.605179149303375
supor/苏泊尔-TJE08A-250 =+= 婴儿辅食: 20.395214622616187, 全自动: 20.957121378563205, 小容量: 20.141082954314353, 手持: 17.470465960296664, 智能: 21.036115084209584
teables/泰博斯-SY-1 =+= 婴儿辅食: 20.97408274470725, 全自动: 20.681710613442302, 小容量: 22.1634104718243, 手持: 18.99740733432724, 智能: 17.18338883569891
tescom-TMV1500 =+= 婴儿辅食: 20.977105977081315, 全自动: 21.73193138992686, 小容量: 21.10860646977142, 手持: 13.722499272772014, 智能: 22.45985689044839
tescom-TMV1550 =+= 婴儿辅食: 20.70572240134074, 全自动: 22.26618581341948, 小容量: 20.58402902934392, 手持: 12.320163027471606, 智能: 24.123899728424252
topkitch-MS-1 =+= 婴儿辅食: 0, 全自动: 0, 小容量: 0, 手持: 0, 智能: 0
toplife/好生活-TL-7233DP =+= 婴儿辅食: 0, 全自动: 0, 小容量: 0, 手持: 0, 智能: 0
toplife/好生活-TL-783B =+= 婴儿辅食: 21.684677195032965, 全自动: 17.295946267818813, 小容量: 20.993232927016592, 手持: 23.27128838089078, 智能: 16.754855229240846
ukoeo-PR6 =+= 婴儿辅食: 0, 全自动: 0, 小容量: 0, 手持: 0, 智能: 0
ukoeo-PR9 =+= 婴儿辅食: 0, 全自动: 0, 小容量: 0, 手持: 0, 智能: 0
viomi/云米-YM-BH01 =+= 婴儿辅食: 21.213023190341367, 全自动: 25.619147749868418, 小容量: 20.0063941201189, 手持: 2.902183906295964, 智能: 30.259251033375353
vitamix/维他美仕-精进型 =+= 婴儿辅食: 20.487241499538715, 全自动: 20.329095684318148, 小容量: 20.942638674986345, 手持: 21.230061188779228, 智能: 17.01096295237758
vvmax/维仕美-XPH-S =+= 婴儿辅食: 0, 全自动: 0, 小容量: 0, 手持: 0, 智能: 0
westinghouse/西屋-A1 =+= 婴儿辅食: 20.84365687831964, 全自动: 22.69264236158624, 小容量: 22.978562056346163, 手持: 16.294860320265514, 智能: 17.19027838348244
westinghouse/西屋-HS0450 =+= 婴儿辅食: 0, 全自动: 0, 小容量: 0, 手持: 0, 智能: 0
whirlpool/惠而浦-WBL-CG181Y =+= 婴儿辅食: 19.952687316274563, 全自动: 18.978772297181255, 小容量: 20.024575692623802, 手持: 23.935667978627325, 智能: 17.108296715293054
whirlpool/惠而浦-WBL-MS302D =+= 婴儿辅食: 20.29645557720597, 全自动: 20.739595461494638, 小容量: 20.28581712749439, 手持: 17.719310169550802, 智能: 20.958821664254202
wik/伟嘉-电动迷你搅拌机 =+= 婴儿辅食: 0, 全自动: 0, 小容量: 0, 手持: 0, 智能: 0
wmf-04 1627 0011 =+= 婴儿辅食: 0, 全自动: 0, 小容量: 0, 手持: 0, 智能: 0
wmf-04.1635.9911 =+= 婴儿辅食: 0, 全自动: 0, 小容量: 0, 手持: 0, 智能: 0
wmf-0416250011 =+= 婴儿辅食: 0, 全自动: 0, 小容量: 0, 手持: 0, 智能: 0
wmf-KULT X =+= 婴儿辅食: 0, 全自动: 0, 小容量: 0, 手持: 0, 智能: 0
wmf-搅拌机 =+= 婴儿辅食: 0, 全自动: 0, 小容量: 0, 手持: 0, 智能: 0
yoice/优益-Y-ZZJ2 =+= 婴儿辅食: 0, 全自动: 0, 小容量: 0, 手持: 0, 智能: 0
三的-SD-LL06 =+= 婴儿辅食: 0, 全自动: 0, 小容量: 0, 手持: 0, 智能: 0
三的-SD-LL07 =+= 婴儿辅食: 19.47745053291228, 全自动: 18.47658343199914, 小容量: 19.278992603259322, 手持: 24.952744121952918, 智能: 17.81422930987635
三的-SD-LL13 =+= 婴儿辅食: 21.824387575880113, 全自动: 18.667197603370866, 小容量: 23.586817384000344, 手持: 22.93225086752956, 智能: 12.989346569219121
侬心-MS-2 =+= 婴儿辅食: 21.277956064056152, 全自动: 23.566196719195712, 小容量: 20.766094077047097, 手持: 7.967362540466383, 智能: 26.422390599234667
信言-AMT2516 =+= 婴儿辅食: 21.651294071596105, 全自动: 20.723183408615228, 小容量: 22.89847777186595, 手持: 21.07066803988327, 智能: 13.65637670803946
凯云-1251-3 =+= 婴儿辅食: 21.739453835548247, 全自动: 26.34100421128154, 小容量: 21.712886655891158, 手持: 3.1835015843220966, 智能: 27.023153712956965
凯云-KY- 602 =+= 婴儿辅食: 20.667571998676802, 全自动: 19.891496547901518, 小容量: 20.673514678848694, 手持: 20.514040405501785, 智能: 18.2533763690712
凯云-KY-3 =+= 婴儿辅食: 20.12248989909751, 全自动: 19.07821669546748, 小容量: 20.19499915012281, 手持: 23.19504015754985, 智能: 17.40925409776236
凯云-KY-601 =+= 婴儿辅食: 20.31537174223491, 全自动: 19.45407278269533, 小容量: 20.180449696080515, 手持: 21.18614536682895, 智能: 18.86396041216029
凯云-LM-FS501 =+= 婴儿辅食: 0, 全自动: 0, 小容量: 0, 手持: 0, 智能: 0
凯福赛-207 =+= 婴儿辅食: 0, 全自动: 0, 小容量: 0, 手持: 0, 智能: 0
合慧-H1 =+= 婴儿辅食: 20.58482071209377, 全自动: 20.656269883557822, 小容量: 21.17197850714751, 手持: 19.340158919621445, 智能: 18.24677197757945
合慧-H3 =+= 婴儿辅食: 0, 全自动: 0, 小容量: 0, 手持: 0, 智能: 0
合慧-HH201 =+= 婴儿辅食: 19.519693759642106, 全自动: 20.31685053232172, 小容量: 19.67051867518372, 手持: 22.770481984493404, 智能: 17.722455048359055
喜贡-HL-1878 =+= 婴儿辅食: 20.350681808215604, 全自动: 20.91070352602667, 小容量: 20.089088701408258, 手持: 17.5133151092804, 智能: 21.136210855069073
嘉和-MB-1001 =+= 婴儿辅食: 20.424568595129593, 全自动: 19.823760851593246, 小容量: 20.48697236303383, 手持: 20.568080454274483, 智能: 18.69661773596884
圈厨-便携式果蔬料理机 =+= 婴儿辅食: 20.80948572213196, 全自动: 20.743114533697273, 小容量: 20.716212578872014, 手持: 17.61704139740778, 智能: 20.114145767890978
墨氏-HL-A =+= 婴儿辅食: 0, 全自动: 0, 小容量: 0, 手持: 0, 智能: 0
奥诺斯-ANS-F900 =+= 婴儿辅食: 21.213023190341367, 全自动: 25.619147749868418, 小容量: 20.0063941201189, 手持: 2.902183906295964, 智能: 30.259251033375353
安纬特-MB1001 =+= 婴儿辅食: 0, 全自动: 0, 小容量: 0, 手持: 0, 智能: 0
安纬特-MB1002 =+= 婴儿辅食: 0, 全自动: 0, 小容量: 0, 手持: 0, 智能: 0
家必康-2160 =+= 婴儿辅食: 0, 全自动: 0, 小容量: 0, 手持: 0, 智能: 0
家润美-M300 =+= 婴儿辅食: 0, 全自动: 0, 小容量: 0, 手持: 0, 智能: 0
小厨师-晶钻Q1 =+= 婴儿辅食: 20.50310823796604, 全自动: 21.039672059509957, 小容量: 20.95383410785052, 手持: 16.781524110451812, 智能: 20.72186148422167
小厨师-晶钻Q2 =+= 婴儿辅食: 0, 全自动: 0, 小容量: 0, 手持: 0, 智能: 0
小厨师-晶钻Q3 =+= 婴儿辅食: 0, 全自动: 0, 小容量: 0, 手持: 0, 智能: 0
